160.283
100 100
8.84302 -3.47711
-4.45859 0.83024
5.35388 -8.45115
1.92483 4.24016
-9.47245 9.31613
-3.73808 -7.75275
9.35996 6.16066
0.631202 -1.40868
-9.03837 -3.37984
2.22935 -7.17601
5.37185 -0.189421
-9.1592 2.83145
-9.93675 6.41812
-1.74796 5.18849
-2.5772 9.03751
8.24005 -5.14773
7.26663 2.4008
-9.61771 -7.75039
4.44727 7.92086
-3.36421 -3.15655
2.80114 0.717594
6.74519 -5.71194
-7.38939 -3.44291
4.52594 2.83639
-6.69305 -6.83273
8.59138 7.53208
7.99531 0.643259
-8.95746 7.38918
-5.26902 4.6742
8.73338 -7.33931
-2.5618 2.72747
-6.03299 0.556706
-9.84961 0.281159
3.46947 -9.459
-1.45005 -4.257
3.49742 5.21217
2.0095 8.48886
-7.23005 6.05213
0.141259 -5.5915
1.91086 -9.15671
5.09567 1.19209
9.84078 -5.21805
-3.55198 -6.28264
-8.17865 -5.69507
3.88117 -2.20246
7.665 -0.567175
-4.21323 -9.23153
0.403912 3.99811
8.5687 6.03763
6.36728 7.17608
-5.42139 -1.51787
6.54322 -2.78904
-1.49318 -5.68163
-4.12944 -2.59004
-2.13105 -4.50788
2.27257 0.116543
-7.53783 -0.221036
-4.91279 3.26582
0.51079 -5.13859
-0.0193283 -4.05172
5.51352 -6.18696
7.77282 5.74505
-7.55762 4.35147
-9.1748 1.87737
-9.05332 -4.48309
-3.98287 -3.47769
-0.8773 5.84887
2.83132 7.2862
3.64001 -1.11131
-5.51673 -8.46635
-4.5291 -6.87801
-8.12601 6.67502
-8.27752 9.55101
-3.16764 -8.66544
-8.72131 9.04911
-3.75996 0.287063
4.14357 4.47237
9.5 5.60804
7.96126 2.68523
0.969984 -6.24683
-9.29491 8.22494
6.38574 1.04764
-2.74822 9.38634
-8.11345 7.89362
4.66919 1.90173
-2.90372 -7.66097
6.26512 7.92285
-6.28129 -6.14223
9.19001 -4.87939
2.04381 -6.54127
3.01927 -6.43351
-3.9924 -8.19804
6.02944 -6.25552
-7.10419 -0.199212
-3.86482 0.12299
-3.93969 0.419755
-3.17109 -7.79825
8.65221 7.80276
-4.92372 3.16754
8.27802 -5.08492
-8.95746 7.38918 3 27
2.80114 0.717594 81 20
3.49742 5.21217 78 35
-3.98287 -3.47769 42 65
-3.16764 -8.66544 41 73
-9.93675 6.41812 36 12
-7.23005 6.05213 33 37
-9.1592 2.83145 50 11
6.74519 -5.71194 6 21
0.51079 -5.13859 94 58
-9.61771 -7.75039 49 17
-9.03837 -3.37984 29 8
-9.05332 -4.48309 74 64
5.37185 -0.189421 47 10
4.66919 1.90173 1 84
-8.17865 -5.69507 28 43
6.02944 -6.25552 58 92
1.92483 4.24016 4 3
6.36728 7.17608 63 49
-3.55198 -6.28264 83 42
-5.26902 4.6742 79 28
7.99531 0.643259 59 26
-2.5618 2.72747 80 30
-7.55762 4.35147 45 62
-4.92372 3.16754 92 98
-1.49318 -5.68163 65 52
0.403912 3.99811 68 47
-9.84961 0.281159 64 32
-3.93969 0.419755 8 95
-8.72131 9.04911 16 74
8.24005 -5.14773 75 15
-9.29491 8.22494 21 80
8.65221 7.80276 26 97
-8.27752 9.55101 34 72
0.141259 -5.5915 86 38
-2.90372 -7.66097 39 85
9.5 5.60804 25 77
8.84302 -3.47711 67 0
-8.12601 6.67502 82 71
3.88117 -2.20246 88 44
2.0095 8.48886 27 36
-3.75996 0.287063 23 75
9.19001 -4.87939 70 88
9.84078 -5.21805 77 41
-6.28129 -6.14223 7 87
-3.86482 0.12299 51 94
-4.21323 -9.23153 72 46
-1.45005 -4.257 9 34
-4.12944 -2.59004 11 53
2.22935 -7.17601 10 9
-4.91279 3.26582 22 57
2.04381 -6.54127 15 89
-9.1748 1.87737 84 63
-5.51673 -8.46635 54 69
-1.74796 5.18849 53 13
8.27802 -5.08492 52 99
3.46947 -9.459 85 33
-2.13105 -4.50788 30 54
1.91086 -9.15671 14 39
-6.03299 0.556706 13 31
0.631202 -1.40868 48 7
7.26663 2.4008 40 16
-2.74822 9.38634 69 82
9.35996 6.16066 17 6
8.5687 6.03763 56 48
-3.36421 -3.15655 97 19
7.96126 2.68523 96 78
5.51352 -6.18696 35 60
-7.53783 -0.221036 20 56
5.09567 1.19209 46 40
3.01927 -6.43351 87 90
4.44727 7.92086 98 18
6.54322 -2.78904 31 51
6.38574 1.04764 93 81
4.52594 2.83639 43 23
7.77282 5.74505 99 61
-9.47245 9.31613 5 4
4.14357 4.47237 37 76
-4.45859 0.83024 32 1
-4.5291 -6.87801 55 70
0.969984 -6.24683 24 79
-5.42139 -1.51787 62 50
-3.73808 -7.75275 61 5
-7.10419 -0.199212 76 93
-6.69305 -6.83273 2 24
-2.5772 9.03751 0 14
-8.11345 7.89362 95 83
6.26512 7.92285 60 86
-0.0193283 -4.05172 71 59
3.64001 -1.11131 19 68
2.83132 7.2862 57 67
8.59138 7.53208 91 25
-0.8773 5.84887 12 66
7.665 -0.567175 44 45
-7.38939 -3.44291 66 22
5.35388 -8.45115 38 2
-3.9924 -8.19804 18 91
8.73338 -7.33931 89 29
2.27257 0.116543 73 55
-3.17109 -7.79825 90 96
