6.10406
100 1000
-7.5604 -0.0899904
7.25947 2.53229
-2.72841 9.41526
-2.98922 -7.71663
6.69089 -5.7889
2.90853 -6.48713
-3.24618 -3.00105
2.22715 0.0913103
-8.27845 6.6697
6.26088 7.5665
5.48382 -0.17087
-8.25042 -6.08998
8.50614 7.57538
-9.58305 9.35368
-4.84285 3.23006
3.40711 5.25486
-7.60601 4.23157
-4.32763 -9.25571
-8.96451 -4.36531
-1.38376 -4.19428
6.60239 -2.87356
9.43511 6.29036
-9.47119 -7.8625
-9.35973 2.79219
-5.4206 -8.44681
8.13206 -5.09166
-1.82045 5.16957
-4.37061 0.827792
1.8279 -9.08239
4.64672 2.73997
0.898637 -6.31933
-0.921035 5.73624
5.45709 -8.50731
2.00274 4.18252
0.530282 -1.4417
-9.82898 0.250715
2.2974 7.95267
-3.60127 -6.27132
-6.86737 -6.83682
-3.8405 0.501546
-5.97756 0.301649
-2.59295 2.6679
-5.26548 4.58567
3.68206 -2.27155
-7.63019 -3.21905
-7.14172 6.05837
4.16769 4.63222
5.22999 1.23363
6.36094 1.04951
3.52544 -9.7306
-5.4191 -1.44786
0.219097 -5.44129
-9.29714 8.18045
-9.18214 1.80855
-9.09483 -3.54065
7.77136 -0.471568
-8.6757 8.99425
0.3943 4.05901
8.77907 -7.25925
5.45793 -5.99407
-3.3854 -8.79007
-8.83305 7.31035
9.4932 -5.06507
3.94586 -2.21397
-8.5138 9.74946
7.80508 0.783224
-9.93332 6.28035
4.62447 2.02267
8.59532 6.16471
8.89316 -3.48371
-7.08045 -0.202943
-3.93258 -8.07133
2.59959 0.696172
8.76158 7.92831
3.62289 -9.6427
-1.61586 -5.55146
-2.21756 -4.50387
-6.33365 -6.31625
2.20085 -6.92793
7.71589 5.60825
-3.71917 0.187421
-0.0920245 -4.0058
3.49802 5.35507
9.43678 5.44009
9.27107 5.59272
-4.12373 -2.66893
4.52291 7.94441
-8.10777 6.69899
7.78127 -0.672357
-3.5331 -7.74582
-9.83126 6.40864
9.26066 6.11665
3.67823 -1.23268
7.98155 2.65527
-8.14556 7.95581
6.06502 -6.27391
-2.49798 9.02783
-4.18785 -6.79347
-3.72638 -3.48414
0.596608 -5.15165
5.38116 -5.90678 35 59
-4.3591 0.806047 32 27
4.49625 7.84277 98 86
8.86107 7.94097 26 73
6.13151 8.093 60 9
-3.57758 0.535902 23 39
7.81236 0.803886 59 65
-9.77491 0.156638 64 35
-7.55376 4.22783 45 16
-9.87767 0.243204 64 35
6.33817 7.18693 63 9
0.273394 4.24579 68 57
-6.98039 -0.0588132 76 70
-9.30507 8.13864 21 52
9.3403 -5.04467 70 62
-3.07307 -7.70821 90 3
4.61341 2.24519 1 67
6.63693 -3.02196 31 20
-5.47783 -1.43938 62 50
5.06004 1.18273 46 47
-8.64131 9.00884 16 56
-8.88686 7.33171 3 61
-4.18804 -6.91695 55 97
-2.77401 9.27617 69 2
-9.37609 9.50144 5 13
4.76488 2.79478 43 29
9.1266 5.61181 25 84
-7.61281 4.3126 45 16
6.62804 -5.80252 6 4
0.590454 -5.33986 94 99
-1.67268 -5.6429 65 75
1.7969 -9.17691 14 28
-6.87381 -6.99441 2 38
7.25385 2.57769 40 1
4.76572 2.77094 43 29
0.699033 -4.88699 94 99
-4.32148 -9.12477 72 17
7.86398 2.43241 96 93
2.63967 0.640278 81 72
-8.21306 -6.09874 28 11
-9.8912 6.42807 36 90
-5.43286 -8.20243 54 24
-4.72065 3.19944 22 14
7.69594 -0.398303 44 55
-7.01739 -6.97389 2 38
-8.99254 -3.44613 29 54
-4.53948 -9.36323 72 17
3.71148 -2.24137 88 43
9.32041 5.5133 25 84
-8.49234 9.78698 34 64
9.61298 -5.22667 77 62
-3.88218 0.16158 51 80
-9.84286 0.0852629 64 35
8.79676 -7.28654 89 58
8.4312 7.63303 91 12
9.46495 6.22184 17 21
-1.9111 5.142 53 26
-8.76417 -4.53382 74 18
0.918405 -6.3456 24 30
8.58918 7.5981 91 12
6.06639 -6.21995 58 95
6.61771 -2.84416 31 20
9.3648 5.392 25 83
6.10448 7.83335 60 9
7.58164 5.51466 99 79
-5.34169 -1.53352 62 50
-5.32273 -1.38595 62 50
1.01652 -6.29558 24 30
4.10637 4.60206 37 46
-5.23996 -1.44419 62 50
-7.69144 -3.29144 66 44
-2.47989 8.94285 0 96
-8.16749 6.75692 82 87
9.39309 5.50024 25 83
-8.41055 9.71634 34 64
8.29502 -5.21105 75 25
-4.06206 -2.73045 11 85
9.69975 -5.25635 77 62
3.44219 -9.70932 85 49
-2.59322 2.78348 80 41
-7.04343 -0.258435 76 70
2.89273 -6.4679 87 5
2.20261 -0.0902473 73 7
-8.19937 -6.25136 28 11
2.23669 4.22484 4 33
2.65058 7.35364 57 36
9.33969 6.16292 17 91
1.1191 -6.19025 24 30
9.75399 -5.18302 77 62
-9.20721 2.82919 50 23
7.7667 -0.450992 44 55
-8.28464 -6.04043 28 11
-2.95872 -7.59537 39 3
-9.82099 0.14981 64 35
-5.46195 -8.48076 54 24
-7.17329 6.15049 33 45
-2.64602 -7.78963 39 3
0.486792 -1.40699 48 34
-2.53374 8.93891 0 96
-4.73744 3.38601 22 14
-9.27954 8.1645 21 52
1.99853 -9.06358 14 28
-7.43 -3.28766 66 44
-9.29887 1.82871 84 53
-4.27088 -9.2875 72 17
7.91265 -0.60159 44 88
7.72699 -0.467335 44 55
-7.06173 -0.213364 76 70
-1.5228 -5.49053 65 75
3.69332 -1.21252 19 92
8.9606 -3.47669 67 69
-8.0989 7.93399 95 94
-3.3824 -8.84467 41 60
-3.77439 -3.56103 42 98
7.7582 5.6026 99 79
2.32282 -7.22612 10 78
8.39671 7.40883 91 12
-5.24919 4.53401 79 42
3.65454 -9.55557 85 74
-8.20376 7.91394 95 94
3.51659 5.29393 78 82
5.4387 -8.58912 38 32
8.76595 7.85907 26 73
-3.89779 -7.97142 18 71
4.51719 7.91592 98 86
-4.90178 3.12598 22 14
-9.81186 0.288434 64 35
-8.74293 7.38866 3 61
-8.22611 6.62645 82 8
7.75191 5.75241 99 79
-4.78306 3.43813 22 14
-0.807439 5.59105 12 31
7.82984 0.935917 59 65
-9.73713 0.217073 64 35
-3.15236 -3.12299 97 6
8.67892 8.07177 26 73
-6.4464 -6.38793 7 77
-3.5212 0.414283 23 80
-9.44418 9.25461 5 13
-3.64861 -3.47657 42 98
8.24938 -5.15409 75 25
-7.68118 -3.18287 66 44
-4.33237 -9.41858 72 17
-8.35232 6.79555 82 8
7.9466 2.63042 96 93
5.4862 -8.50045 38 32
6.86216 -5.94843 6 4
-5.35262 4.45755 79 42
8.5573 -7.12339 89 58
2.21231 -6.51377 15 78
1.88757 8.29664 27 36
-0.00838688 -3.986 71 81
6.80745 -5.877 6 4
-1.82184 5.2358 53 26
-8.18557 8.03175 95 94
8.77231 -7.25251 89 58
-5.16725 4.4027 79 42
5.35697 0.0673151 47 10
-9.18778 -3.62856 29 54
0.51077 -5.05085 94 99
-9.06985 -3.39512 29 54
2.60942 0.71179 81 72
-6.03142 0.381846 13 40
-8.97839 -4.38183 74 18
-5.40066 -8.61599 54 24
1.64155 -9.0799 14 28
-9.61357 9.27342 5 13
-6.82254 -6.76655 2 38
4.27536 4.64501 37 46
-3.59752 -6.26194 83 37
6.31799 0.90363 93 48
-5.00227 3.40005 22 14
0.911112 -6.23329 24 30
9.72565 -4.965 77 62
-9.29404 8.21123 21 52
-9.91382 0.273582 64 35
4.79965 2.68223 43 29
-2.8444 9.14842 69 2
-6.38527 -6.22203 7 77
-9.18782 1.79705 84 53
-4.86883 3.28818 22 14
0.565209 -1.33048 48 34
-9.94132 6.33161 36 66
-4.24695 -2.62357 11 85
4.2578 4.49845 37 46
-4.24127 -9.05651 72 17
4.56639 2.58429 43 29
-2.98324 -7.75181 39 3
1.67795 -9.07655 14 28
2.72173 7.33937 57 36
8.17372 -4.87774 52 25
-5.24024 4.68051 79 42
-4.23302 -2.65772 11 85
-3.56572 -7.76903 61 89
-6.15994 0.412456 13 40
5.25389 1.26855 46 47
-3.60551 -6.36835 83 37
5.18084 1.19062 46 47
6.5507 -5.70701 6 4
-3.73778 0.288812 23 80
-9.46162 9.32743 5 13
2.23521 -7.23899 10 78
-3.23824 -7.59309 90 3
-5.14973 4.61444 79 42
7.96304 2.80728 96 93
2.52012 0.791499 81 72
-8.0414 8.06793 95 94
-9.04369 -3.56597 29 54
6.61277 -2.80387 31 20
4.64118 2.11852 1 67
-6.42244 -6.24695 7 77
-1.78796 5.09632 53 26
-3.30637 -2.90326 97 6
-8.5713 9.68219 34 64
-5.48896 -8.5828 54 24
-3.83747 -3.43908 42 98
5.20854 1.22182 46 47
-2.11153 -4.64334 30 76
6.65583 -5.79175 6 4
-9.07678 -3.56893 29 54
2.37862 0.161585 73 7
-2.82725 9.46582 69 2
3.62082 -2.1905 88 43
-3.6754 -3.54986 42 98
4.02616 -2.35723 88 63
3.68172 -9.83449 85 49
2.17324 0.372891 73 7
5.1898 1.20591 46 47
6.07911 -6.21563 58 95
2.13966 -6.61161 15 78
-2.66894 2.56179 80 41
7.71449 0.764368 59 65
5.46519 -6.17726 35 59
-3.51358 -6.24631 83 37
3.76823 -1.30992 19 92
-8.27253 7.86239 95 94
-9.23937 1.82714 84 53
-3.84387 -8.21271 18 71
-1.66563 -5.68027 65 75
-5.32126 -1.52353 62 50
-4.90869 3.18523 92 14
7.7314 5.43319 99 79
-6.3278 -6.4012 7 77
2.09787 -6.6688 15 78
-3.60688 -6.33463 83 37
2.67884 0.569739 81 72
4.40103 8.05364 98 86
7.80949 -0.713341 44 88
-9.06594 -4.38471 74 18
5.36951 -8.48139 38 32
8.04104 2.69208 96 93
4.56296 7.94417 98 86
8.15622 -5.0101 52 25
-9.88583 0.375681 64 35
6.01249 -6.2873 58 95
4.63217 2.00728 1 67
-6.82812 -6.82873 2 38
-2.76567 -7.69254 39 3
-7.44246 -0.0710197 20 0
-7.75526 -3.12144 66 44
-4.24108 -2.7327 11 85
8.29703 -5.22057 75 25
-5.00192 3.12341 92 14
-3.19841 -7.74566 90 3
-4.85747 3.12519 92 14
5.96693 -6.29912 58 95
0.908246 -6.45323 24 30
0.0735173 -5.55067 86 51
7.75906 5.62191 99 79
6.48051 0.973134 93 48
-3.56753 -6.22544 83 37
-9.43531 2.5959 50 23
9.39821 -4.99147 70 62
9.25564 -4.91276 70 62
2.62766 0.646252 81 72
1.94305 4.14998 4 33
0.326927 3.94842 68 57
6.51314 7.2654 63 9
2.12339 -6.81971 15 78
-4.27547 -6.78115 55 97
-8.36497 -6.00602 28 11
-8.71176 8.88216 16 56
-3.76021 0.51078 23 39
6.29594 7.3074 63 9
-5.22829 4.66443 79 42
-4.01576 0.37371 8 39
8.75571 7.8594 26 73
6.26753 1.01003 93 48
-8.62126 9.77598 34 64
8.02694 -5.08345 52 25
-8.60686 7.1368 3 61
5.45035 -8.36136 38 32
-2.39334 8.93222 0 96
-9.63686 6.25614 36 90
8.84118 -3.58126 67 69
8.41033 6.21321 56 68
4.24381 4.69707 37 46
9.24758 6.11923 17 91
2.23951 -7.16032 10 78
-8.7697 7.16225 3 61
-9.681 9.39224 5 13
8.80177 -3.51749 67 69
8.56638 7.5984 91 12
0.51853 -1.56348 48 34
-7.53045 -3.28498 66 44
-9.74025 9.34977 5 13
-0.137789 -3.97382 71 81
-4.77524 3.29344 92 14
-1.77137 -5.51338 65 75
-6.96801 -6.86474 2 38
-3.71768 0.423749 23 39
-3.33835 -2.85154 97 6
8.63281 6.41171 56 68
3.73764 -1.05279 19 92
3.80194 -2.3125 88 43
-1.86418 5.20052 53 26
-9.05463 -3.66365 29 54
-7.64436 4.15293 45 16
-9.29552 2.75633 50 23
8.06539 -5.25924 75 25
-5.57601 -1.55501 62 50
-4.25573 0.764461 32 27
-6.85822 -7.00468 2 38
-1.69595 5.33208 53 26
-5.85141 0.296256 13 40
5.58196 -8.52568 38 32
-1.70983 -5.49899 65 75
-1.01062 5.88666 12 31
0.593032 -5.16388 94 99
8.41658 7.58749 91 12
2.74637 -6.62535 87 5
-2.63998 2.81562 80 41
2.77666 7.47668 57 36
3.38911 5.3132 78 15
-1.59523 -5.73392 65 75
8.77637 -3.53628 67 69
-2.85481 -7.64741 39 3
-5.80045 0.460223 13 40
-7.14856 -0.190829 76 70
-9.46009 8.30078 21 52
2.95955 -6.54222 87 5
-7.53026 0.111078 20 0
0.560222 -5.14744 94 99
-3.97399 -7.9895 18 71
3.73998 -2.32738 88 43
2.59635 0.583491 81 72
7.19443 2.64606 40 1
4.6872 1.96589 1 67
-1.26359 -4.19012 9 19
-7.23324 6.18487 33 45
-9.44023 2.95345 50 23
4.12044 4.59481 37 46
8.68807 -7.26018 89 58
3.34917 5.34099 78 15
-3.30346 -8.68629 41 60
-2.65808 2.7414 80 41
-4.07048 -8.04175 18 71
-1.04991 5.83891 12 31
3.49402 5.20644 78 15
4.52136 7.99692 98 86
-2.70974 2.46305 80 41
-9.08755 1.86058 84 53
-9.91244 9.29576 5 13
-2.42724 2.62853 80 41
6.42516 1.00666 93 48
-8.88552 7.43242 3 61
-3.9654 -7.97102 18 71
5.36166 -5.97854 35 59
5.18354 1.43322 46 47
0.618 -1.56381 48 34
-4.36779 -9.34218 72 17
-9.16851 1.71509 84 53
2.30607 -7.25024 10 78
3.65135 -9.73531 85 74
-7.74631 -0.131613 20 0
-0.0121482 -3.91312 71 81
8.88355 8.0237 26 73
-3.86474 0.388782 23 39
-8.26505 6.55468 82 8
-3.42318 -6.17995 83 37
-4.35415 0.726247 32 27
5.47348 -5.99224 35 59
9.22508 6.02967 17 91
-6.36559 -6.32018 7 77
6.56773 -3.03103 31 20
7.86724 0.787149 59 65
1.90573 8.54239 27 36
5.62818 -0.138047 47 10
-2.78763 9.48252 69 2
-3.37478 -2.93402 97 6
-7.53095 3.98004 45 16
-2.31229 -4.50299 30 76
-1.31981 -4.23179 9 19
-5.25627 -8.51576 54 24
4.53279 2.02142 1 67
2.67626 7.41932 57 36
-3.12656 -7.66601 90 3
6.56731 -2.80287 31 20
-1.85969 5.13892 53 26
6.76517 -5.75219 6 4
-7.608 -0.139718 20 0
-9.15794 -3.49078 29 54
8.86703 -3.38819 67 69
-9.15661 -3.63406 29 54
-0.0256741 -4.11809 71 81
-9.9385 6.41364 36 90
-4.7487 3.15823 22 14
6.66876 -5.81324 6 4
0.367544 4.0482 68 57
-1.53212 -5.61882 65 75
8.57391 7.62222 91 12
-5.30848 -1.40222 62 50
2.67089 7.4283 57 36
3.43192 -9.57633 85 49
6.26846 7.90597 60 9
9.2263 -4.92762 70 62
3.56573 -2.29389 88 43
9.78027 -4.96891 77 62
4.15626 4.58479 37 46
-8.00409 6.69998 82 87
0.160901 -5.42768 86 51
-8.48007 9.98327 34 64
5.49261 -0.13216 47 10
3.92885 -2.06946 88 63
7.27488 2.39786 40 1
0.564271 4.2147 68 57
6.00091 7.94016 60 9
0.469698 -1.41268 48 34
-9.19735 1.62967 84 53
8.18476 -5.24408 75 25
6.42739 1.08463 93 48
-9.23299 2.7846 50 23
-1.87588 5.32554 53 26
7.25805 2.32289 40 1
-0.923607 5.7658 12 31
-8.6094 9.66096 34 64
0.80521 -6.43242 24 30
-3.49281 -7.81989 61 89
9.2534 6.08155 17 91
-9.54393 9.47566 5 13
0.118426 -5.52933 86 51
-9.80751 6.35996 36 90
-4.4 0.809949 32 27
1.8867 -9.07426 14 28
7.99203 -4.97011 52 25
9.17278 6.22424 17 91
6.366 7.24147 63 9
-8.22831 -6.04558 28 11
-3.47874 -8.7336 41 60
2.22618 -7.16995 10 78
2.0728 4.24803 4 33
-3.60646 0.350239 23 80
-9.50892 -7.84061 49 22
-2.73016 9.61287 69 2
-6.10302 0.353294 13 40
5.53277 -8.62176 38 32
0.474766 -1.34411 48 34
3.69053 -9.69325 85 74
-9.24574 1.85401 84 53
-2.28402 -4.56082 30 76
-2.41286 9.05556 0 96
8.00841 2.72215 96 93
-3.11549 -3.02339 97 6
-3.70049 -7.61636 61 89
7.89191 -0.417692 44 55
-8.26651 -6.08604 28 11
-3.18176 -3.10601 97 6
-9.51037 2.56367 50 23
-5.39095 -8.37705 54 24
5.59965 -5.8461 35 59
9.7644 -5.14094 77 62
-0.162244 -4.27457 71 81
0.527157 4.12346 68 57
-2.48034 2.72033 80 41
2.19807 0.138858 73 7
4.64441 2.69378 43 29
1.84202 -8.97548 14 28
7.70632 5.54015 99 79
-6.30879 -6.35213 7 77
-7.61479 -3.20574 66 44
-9.60124 -7.98618 49 22
5.42721 -0.323908 47 10
0.211058 -5.39212 86 51
-3.84696 0.464102 8 39
2.87758 -6.35281 87 5
-4.1511 -6.86764 55 97
-3.42727 -8.97122 41 60
9.36619 5.65306 25 84
-8.38183 7.93089 95 94
-3.50976 -7.64281 61 89
-7.65788 -2.99188 66 44
4.26288 7.9231 98 86
9.32837 -5.08978 70 62
1.97481 4.09612 4 33
3.63064 -9.8431 85 49
0.541663 -1.39961 48 34
6.3238 7.13069 63 9
3.22544 5.31713 78 15
6.04249 1.1224 93 48
-7.43911 -0.137269 20 0
-5.88859 0.291441 13 40
-4.38527 0.922072 32 27
7.28172 2.53686 40 1
-4.30111 -9.33506 72 17
-2.28915 -4.39177 30 76
-3.54043 -8.65279 41 60
0.389901 3.88354 68 57
9.80014 -5.29349 77 62
6.35044 1.13175 93 48
-8.968 -4.28585 74 18
-3.59426 -6.26775 83 37
2.25947 -7.20886 10 78
1.88495 -9.16498 14 28
4.59523 2.05881 1 67
-4.75896 3.24489 22 14
3.53786 -9.58716 85 74
-9.2292 8.1008 21 52
-9.27954 -3.62135 29 54
4.65348 2.64887 43 29
7.95313 -5.26954 75 25
6.07989 -6.46615 58 95
-8.85961 8.99806 16 56
5.95247 -6.20861 58 95
-7.76305 -0.19727 20 0
-8.51393 9.80522 34 64
-1.50591 -4.31616 9 19
5.54491 -8.67143 38 32
-7.51979 -0.13856 20 0
-3.64042 -3.40387 42 98
5.31873 1.24942 46 47
8.99903 -7.39988 89 58
3.47944 5.41621 78 82
8.71526 6.17658 56 68
8.06994 2.78242 96 93
-4.28748 0.802317 32 27
8.60628 7.64154 91 12
-8.24251 6.72073 82 8
-5.25769 4.54744 79 42
-2.63202 2.70127 80 41
7.72414 5.76366 99 79
-2.78668 -7.73282 39 3
0.640647 -5.11241 94 99
-7.02356 5.99165 33 45
-6.82812 -6.49484 2 38
3.47591 5.25144 78 15
6.25581 7.01798 63 9
-3.4242 -7.85953 61 89
-6.94057 -0.243177 76 70
8.42972 7.58998 91 12
8.16356 -4.95983 52 25
-9.27838 8.14488 21 52
9.00652 -4.87595 70 62
-8.91246 -4.39449 74 18
-1.48479 -5.51838 65 75
-8.28413 -6.15817 28 11
7.94614 0.638355 59 65
8.84721 -7.25472 89 58
3.4375 -1.27664 19 92
2.78406 -6.49838 87 5
-8.21022 6.77318 82 8
-3.26925 -7.79591 90 89
6.65814 -2.81902 31 20
-8.91561 7.29984 3 61
-9.63231 9.41127 5 13
-4.12293 -2.48515 11 85
6.67695 -5.81549 6 4
-3.81184 0.265491 51 80
-1.4082 -4.15221 9 19
9.74807 -5.10998 77 62
-6.12485 0.0807656 13 40
2.89462 -6.54967 87 5
-3.39224 -7.41675 90 89
8.60731 6.14716 56 68
-0.878076 5.70822 12 31
4.66755 2.05589 1 67
-4.06987 -2.65443 11 85
-0.890054 5.8273 12 31
5.36578 1.31057 46 47
-9.59076 -8.05751 49 22
-4.72228 3.27051 92 14
9.31749 6.08485 17 91
-8.17288 6.63085 82 87
4.17401 4.54081 37 46
-7.99567 8.03694 95 94
-3.65788 0.0745794 51 80
6.39104 7.29619 63 9
8.92783 -3.44041 67 69
4.14002 4.70799 37 46
-3.81174 0.0610549 51 80
2.05232 -6.53911 15 78
-3.11932 -8.02457 90 3
9.24681 -5.03908 70 62
-1.44332 -4.15105 9 19
-3.85274 0.557963 8 39
-7.73758 4.38098 45 16
-4.14914 -6.76797 55 97
7.86605 0.753136 59 65
0.694998 -1.45494 48 34
-3.93502 0.554315 23 39
8.16385 -5.0571 52 25
2.97315 -6.54605 87 5
-6.95163 6.00766 33 45
2.2796 0.0457967 73 7
-5.03053 3.22101 92 14
9.77648 -5.04792 77 62
-3.15718 -3.12969 97 6
-8.76363 8.86956 16 56
9.82372 -5.17093 77 62
8.75388 8.01248 26 73
-6.23573 -6.39107 7 77
0.48492 -1.52461 48 34
-3.40414 -8.72614 41 60
1.81979 4.1801 4 33
-9.83049 6.4201 36 90
-7.66315 4.19773 45 16
-0.985362 5.68928 12 31
-5.36714 -8.29756 54 24
-1.33001 -4.02788 9 19
5.51098 -0.0894392 47 10
6.6602 -5.687 6 4
3.61948 -1.19221 19 92
-3.85763 -8.14431 18 71
-9.07666 -4.38424 74 18
9.40526 6.35889 17 21
-6.28877 -6.27087 7 77
8.48472 6.13077 56 68
2.60127 7.52842 57 36
-7.22607 6.18928 33 45
9.16115 -5.04704 70 62
0.338346 -5.30853 86 51
-2.22995 -4.39594 30 76
-7.31596 5.95207 33 45
8.64923 7.81877 26 73
8.76151 -7.2839 89 58
3.44072 -9.68974 85 49
-6.27354 -6.30118 7 77
5.53016 -0.228079 47 10
-3.2317 -8.6411 41 60
-9.24912 1.99539 84 53
6.50204 -2.88969 31 20
6.56592 7.10429 63 9
-0.216543 -3.86596 71 81
-8.7746 8.83549 16 56
4.00116 4.65477 37 46
7.2531 2.60997 40 1
-2.5772 9.03751 0 96
3.74237 -1.21725 19 92
-3.60058 -3.43225 42 98
-1.3366 -4.22611 9 19
7.71941 5.7465 99 79
3.78529 -1.25464 19 92
-3.79934 0.574295 8 39
0.675521 -5.24967 94 99
-3.83261 0.57648 8 39
8.82589 6.20174 56 68
3.67805 -1.31805 19 92
-8.11141 7.88604 95 94
6.41412 7.32186 63 9
2.14019 -6.69304 15 78
-4.01199 -2.57684 11 85
4.58969 2.96538 43 29
3.6958 -2.21562 88 43
6.40799 0.98009 93 48
2.70251 0.849539 81 72
5.40028 -0.102345 47 10
-7.22001 -0.0921769 76 70
8.09119 -4.98218 52 25
-0.156612 -3.97627 71 81
-8.53447 8.95281 16 56
7.62168 -0.702139 44 88
-8.86985 7.39942 3 61
-7.52548 -0.137649 20 0
2.85982 -6.52363 87 5
8.84318 -7.23978 89 58
-7.19247 -0.178509 76 70
-2.15568 -4.62927 30 76
-9.28867 8.26349 21 52
-6.86231 -6.84158 2 38
-9.27324 2.69573 50 23
8.08113 -5.08045 52 25
-4.40434 -6.73817 55 97
1.90227 4.128 4 33
4.2017 4.79647 37 46
-9.50662 -7.82961 49 22
5.41588 -8.49121 38 32
-4.07467 -7.99222 18 71
-7.47212 -0.129064 20 0
-3.29798 -8.7941 41 60
-9.0039 -4.46744 74 18
-1.81087 5.09804 53 26
-5.5044 -8.29649 54 24
-1.97045 -4.58263 30 76
-8.35394 9.6379 34 64
-8.53025 9.06588 16 56
-3.3612 -8.93301 41 60
-3.70246 0.165155 51 80
-8.8319 7.21575 3 61
-8.51246 9.76116 34 64
-2.69509 9.42088 69 2
5.38076 -8.4997 38 32
-3.69489 0.310614 51 80
-9.22929 7.96529 21 52
6.63073 -2.75686 31 20
-3.90546 0.554644 8 39
-9.03478 -4.32407 74 18
-2.97549 -7.9025 39 3
8.74403 -3.55531 67 69
-9.83007 0.385168 64 35
0.52354 -5.20388 94 99
-4.3717 0.807694 32 27
6.5245 1.22791 93 48
2.52996 0.707183 81 72
-9.31194 2.81355 50 23
8.7654 -7.28875 89 58
-3.18416 -7.70197 90 3
9.4115 5.48822 25 83
6.21246 -6.21282 58 95
1.74981 8.60713 27 36
-8.98914 -4.3285 74 18
6.36541 1.05485 93 48
-3.93162 -8.13731 18 71
5.49211 -0.118893 47 10
4.52698 2.70276 43 29
-8.21057 -6.17818 28 11
-2.62833 9.07994 0 96
-4.35146 -9.35759 72 17
-1.72896 5.1524 53 26
-8.39108 9.08967 16 56
-3.88175 -8.13699 18 71
-8.91136 7.34517 3 61
-8.21873 -6.06531 28 11
1.9791 8.42781 27 36
-9.82137 6.4939 36 90
9.32263 -4.99249 70 62
-9.08918 1.84657 84 53
1.84989 8.49908 27 36
5.51914 -0.413714 47 10
-9.62136 2.9573 50 23
-9.43188 -7.77205 49 22
-4.84105 3.11797 92 14
-3.57214 -7.84775 61 89
-3.94179 -2.7495 11 85
1.71784 -9.00402 14 28
-9.83117 6.2733 36 66
-4.03771 -6.73367 55 97
-4.7765 3.28381 22 14
-7.14128 -0.303186 76 70
3.38918 5.22334 78 15
-2.83524 -7.65828 39 3
-3.88274 0.482114 8 39
-5.97329 0.20984 13 40
5.31533 1.17617 46 47
7.32634 2.59888 40 1
7.61782 5.45076 99 79
-4.0822 -6.89654 55 97
3.51366 5.18884 78 15
-2.63679 2.48592 80 41
-2.17712 -4.55454 30 76
-3.25227 -2.95549 97 6
-8.11169 7.96367 95 94
2.24683 -7.28742 10 78
7.29634 2.51164 40 1
-8.23391 -5.97001 28 11
5.97951 -6.28301 58 95
-1.43294 -4.19676 9 19
-7.61609 -3.24623 66 44
-1.6277 -5.29768 65 75
9.38842 5.44831 25 83
9.09269 -5.01726 70 62
8.75997 -7.20281 89 58
2.22116 -0.0215986 73 7
-8.85169 -4.16811 74 18
0.194477 -5.47153 86 51
4.76038 8.02067 98 86
7.13691 2.61034 40 1
3.59862 -1.23541 19 92
2.28899 -7.05685 10 78
2.02686 4.09629 4 33
-0.034973 -3.86757 71 81
6.59252 -2.99847 31 20
8.73753 7.94548 26 73
-5.58348 -1.30771 62 50
-2.48311 2.77761 80 41
3.02077 -6.47571 87 5
-9.42507 9.25518 5 13
-7.07377 -0.236835 76 70
-3.93813 -2.75359 11 85
-4.37848 0.856897 32 27
-3.78461 0.497229 8 39
-1.35352 -4.24313 9 19
7.95755 2.64725 96 93
-4.3695 -2.72534 11 85
0.497916 4.11859 68 57
3.07671 -6.28954 87 5
4.61753 2.04457 1 67
-0.0373857 -4.01914 71 81
-8.37452 6.54764 82 8
5.51075 -5.82467 35 59
-5.54599 -1.40418 62 50
-3.77712 -7.96032 61 71
8.93603 -3.59106 67 69
3.58016 -9.64221 85 74
-5.47356 -1.48293 62 50
7.31905 2.51073 40 1
0.540603 -5.14772 94 99
-4.42476 0.823004 32 27
6.14727 7.97975 60 9
3.88256 -2.21521 88 63
9.01241 -3.33533 67 69
-0.866571 5.75496 12 31
-9.33217 -7.92687 49 22
-5.4822 -8.56188 54 24
-7.58022 -3.15444 66 44
0.372892 -5.33052 86 51
8.14142 -5.24544 75 25
-8.05285 7.93058 95 94
8.86215 7.78364 26 73
2.23976 -0.0310552 73 7
-2.59815 8.9327 0 96
9.20892 6.14891 17 91
-1.57645 -5.51973 65 75
-7.55871 4.29096 45 16
-8.57276 9.68464 34 64
2.34737 -6.58599 15 78
-3.69344 -6.12854 83 37
3.42036 5.19746 78 15
6.09418 7.96101 60 9
7.95331 2.53996 96 93
8.51535 6.02928 56 68
-4.48942 0.959237 32 27
-7.00227 -0.254107 76 70
-8.69977 9.1257 16 56
-4.29092 -9.09979 72 17
9.32038 6.08182 17 91
9.33433 5.44797 25 83
2.08092 -6.56812 15 78
-3.78828 0.143346 51 80
-3.70684 -7.69497 61 89
-5.42063 -8.5374 54 24
-6.28221 -6.26895 7 77
-3.80507 -3.56453 42 98
-5.94199 0.421552 13 40
1.95612 4.2467 4 33
-3.99698 0.704367 8 39
8.492 7.50794 91 12
8.06466 -5.09477 75 25
7.73417 0.606647 59 65
0.632253 -5.21385 94 99
-3.98405 -8.22705 18 71
7.78984 0.756598 59 65
-8.90986 7.39148 3 61
-3.71053 -3.45698 42 98
8.01723 2.68176 96 93
6.16076 7.82452 60 9
-9.52137 -7.7046 49 22
5.58695 -6.08276 35 59
5.48062 -0.22943 47 10
-2.42699 9.20397 0 96
-3.30947 -2.95197 97 6
1.82135 -8.99924 14 28
8.55946 7.56626 91 12
0.909631 -6.33018 24 30
7.6817 -0.516121 44 55
-9.05793 1.73124 84 53
0.900627 -6.13601 24 30
2.60833 0.734954 81 72
-3.63673 -7.8743 61 89
1.99061 8.31237 27 36
5.38967 -5.96239 35 59
-1.03804 5.64358 12 31
4.5932 7.89088 98 86
-5.33998 4.58816 79 42
-3.12311 -7.72157 90 3
9.5163 5.29532 25 83
-4.92041 3.16888 92 14
2.09553 -6.70931 15 78
0.29649 -5.46944 86 51
6.63799 -2.76768 31 20
4.5552 1.82168 1 67
2.0504 8.41899 27 36
6.20295 7.99774 60 9
5.38362 -6.06446 35 59
-5.90068 0.108815 13 40
-7.07833 5.89538 33 45
-4.80602 3.3067 92 14
4.52321 7.84199 98 86
-2.6508 9.55834 69 2
-3.61125 -6.35875 83 37
-2.56128 9.38993 69 2
-4.09584 -6.71466 55 97
9.64903 5.50858 25 83
0.239221 -5.44207 86 51
2.66557 7.51099 57 36
2.01731 8.40653 27 36
0.30413 3.87373 68 57
6.07448 -6.39978 58 95
7.80901 5.65669 99 79
-7.74453 -3.42378 66 44
7.99442 2.61701 96 93
8.14937 -4.95891 52 25
1.89621 4.25324 4 33
-7.15481 6.1329 33 45
4.59065 8.01402 98 86
8.19917 -5.2383 75 25
-4.25953 -9.17187 72 17
-8.85049 9.1144 16 56
-3.59393 -7.86673 61 89
-3.84483 0.448507 23 39
-9.37267 -7.96493 49 22
-3.69083 -3.43282 42 98
-3.70234 0.0380113 51 80
-1.44365 -4.20756 9 19
-3.81113 0.148951 51 80
-2.32262 9.06167 0 96
2.14865 0.168425 73 7
-4.85139 3.15257 22 14
-3.19816 -7.61715 90 3
-2.32139 -4.30978 30 76
-0.128489 -4.06346 71 81
6.22652 -6.14672 58 95
-7.55739 0.0711819 20 0
7.85212 -0.559552 44 55
7.59579 0.880277 59 65
2.69481 7.46138 57 36
-8.92891 -3.39196 29 54
5.36989 -8.33099 38 32
-7.61067 4.38217 45 16
-4.21609 -6.86596 55 97
1.80234 8.49809 27 36
-0.760656 5.6566 12 31
2.75998 7.40018 57 36
2.28321 -0.0132339 73 7
4.70245 1.88745 1 67
2.14655 0.181682 73 7
-4.84382 3.11149 92 14
-3.88052 -3.52444 42 98
9.06434 -3.4151 67 69
8.66476 6.25808 56 68
0.664517 -6.30834 24 30
-7.65489 4.29955 45 16
-10.0275 6.23614 36 66
2.48308 0.726996 81 72
7.89487 0.905909 59 65
-2.60667 9.09299 0 96
3.63865 -2.31956 88 43
8.18216 -5.077 75 25
-5.15222 4.73539 79 42
0.832995 -6.4684 24 30
0.353164 3.96444 68 57
0.448243 -1.4163 48 34
2.09785 -6.6471 15 78
-4.27852 -6.65197 55 97
8.48362 5.94712 56 68
-2.73742 9.41527 69 2
4.59592 2.76315 43 29
-9.24895 8.41348 21 52
2.23516 -7.31038 10 78
8.61316 6.1315 56 68
0.338592 4.16925 68 57
2.19885 4.20195 4 33
-3.79958 -6.34155 83 37
-9.33025 -7.79682 49 22
-3.42666 -8.91779 41 60
0.185644 -5.49101 86 51
6.63367 -5.69439 6 4
5.4272 -6.10552 35 59
-7.49324 4.09092 45 16
-2.67605 9.38237 69 2
5.22338 1.09724 46 47
8.66777 7.96785 26 73
-7.22353 6.01576 33 45
-2.32404 -4.46766 30 76
-9.26916 2.97218 50 23
-2.80631 -7.73903 39 3
-6.84385 -6.82403 2 38
-6.77132 -6.77473 2 38
7.78418 -0.490982 44 55
-9.89287 6.48868 36 90
3.72178 -1.25735 19 92
-9.51603 -7.74576 49 22
-3.91638 0.405403 8 39
2.66747 7.51306 57 36
8.01107 -4.8392 52 25
-3.75484 0.473937 23 39
1.82996 8.61296 27 36
-1.84809 4.97404 53 26
-5.51757 4.63211 79 42
2.01115 -9.209 14 28
-7.03682 6.0636 33 45
4.56009 2.79357 43 29
-3.27382 -3.03209 97 6
6.14607 7.8285 60 9
-8.0866 6.70818 82 87
-9.79467 0.332293 64 35
6.40588 7.43111 63 9
-2.93281 -7.61178 39 3
2.26933 -7.29285 10 78
6.09115 7.66272 60 9
-3.62105 0.0143638 51 80
-9.35817 8.10142 21 52
