6.44643
100 500
-3.00142 -7.73433
7.82208 0.702577
-3.16276 -3.06167
1.94413 8.42205
3.3814 5.19871
-8.5655 9.36776
-3.95642 0.500459
9.18155 -4.88791
2.9454 -6.51253
8.58347 6.16012
-2.64445 9.26175
-9.16709 -3.50266
-9.92726 6.31253
-5.42869 -1.48904
5.43632 -0.0574449
6.1718 -6.18628
-7.62042 4.33346
-1.37441 -4.1514
6.55468 -2.90748
2.66096 0.752258
-2.63991 2.74201
-5.41925 -8.46202
-4.76783 3.1977
0.372654 -1.56174
0.404743 4.03896
7.77544 -0.589701
4.57629 7.98754
9.37808 5.501
3.63169 -9.66736
-7.52599 -0.111374
-8.07805 7.94229
0.662076 -5.25449
-9.41072 -7.75103
-5.23356 4.53901
4.09404 4.5051
3.62061 -1.26788
-9.33256 2.69296
6.40296 7.22856
-4.48123 -2.7752
7.29611 2.48725
-3.57399 -6.3165
5.43068 -8.5842
2.23504 0.136532
-1.82508 5.15965
8.78279 -7.22869
-8.21132 6.63045
6.35964 1.15426
-9.15696 1.84136
-2.23069 -4.62275
2.02069 4.13567
-6.6275 -6.56822
8.47341 7.52929
8.89156 -3.5486
5.26621 1.23404
-3.4184 -8.73718
-1.63273 -5.60953
-7.60829 -3.13555
7.7254 5.51153
5.39844 -6.05907
-8.32879 -6.04724
4.60773 2.70277
3.67665 -1.11158
-9.85861 0.214378
-0.0209863 -3.92334
-4.29158 -9.22336
-4.31322 -6.72453
8.13827 -5.05947
6.09148 8.01569
-9.29368 8.18117
-8.89329 -4.41198
4.58313 1.89469
8.86177 7.9459
6.68276 -5.76546
3.83073 -2.23839
0.862948 -6.23582
8.10297 2.72284
-5.93372 0.210343
9.43924 -5.03605
9.31156 6.19597
-7.20812 6.04516
9.77137 -5.20669
1.86131 -9.06032
4.73801 2.0228
-7.07432 -0.186732
-8.88062 7.33283
-9.56218 9.51056
2.23118 -6.88394
-3.9114 -8.07587
6.00181 -6.41771
-7.47875 -3.31215
-4.09758 -2.77234
-8.11298 -6.12497
-0.86732 5.7065
4.6554 2.97822
-9.59836 -7.90318
-3.77532 -3.51495
2.63802 7.41222
-3.56483 -7.75453
0.309107 -5.49258
0.479026 -1.36206
-4.67929 3.34637 22 22
-9.91345 6.21847 36 12
9.40372 5.5541 25 27
8.01058 -5.09194 52 66
5.44975 -6.10878 35 58
-7.56677 4.45258 45 16
-9.2259 -3.42643 29 11
3.53985 -1.3377 19 35
-4.33301 -6.60009 55 65
-3.85562 0.450552 23 6
-8.3526 6.78209 82 45
-1.3106 -4.08884 9 17
-2.83968 9.47388 69 10
-8.791 7.31624 3 84
3.98715 -2.31118 88 73
-2.65255 2.75785 80 20
4.63806 7.81944 98 26
-8.94542 7.37177 3 84
9.01615 -3.58823 67 52
0.421078 -1.28228 48 99
6.39831 7.27567 63 37
-8.11014 6.64079 82 45
-5.44874 -1.39578 62 13
-10.0565 6.36356 36 12
8.13454 -5.18685 75 66
8.84247 -7.25343 89 44
-3.1015 -8.01538 90 0
-4.27541 -6.91642 55 65
-9.42878 2.67352 50 36
-1.82844 5.22696 53 43
-3.71616 0.117071 51 6
0.600875 -5.36277 94 31
5.38566 -6.11209 35 58
-3.69741 -3.71745 42 95
7.90118 5.51281 99 57
-9.94724 6.38477 36 12
-5.39142 -8.58551 54 21
-4.44112 -9.33535 72 64
2.22563 -6.52848 15 86
-3.38392 -7.80857 61 97
0.449387 -5.539 86 98
6.33728 1.10029 93 46
3.69618 -2.41173 88 73
8.62473 5.99139 56 9
-5.18223 4.55441 79 33
-9.05879 -3.58738 29 11
-0.762284 5.70454 12 92
-6.41069 -6.22301 7 50
-4.18236 -2.79754 11 90
-4.0505 -9.31535 72 64
-3.98133 0.580372 8 6
2.25035 0.164451 73 42
-2.77298 -7.70292 39 0
-3.18914 -3.09124 97 2
-7.49951 -3.39625 66 89
2.02812 4.04715 4 49
1.93391 4.17682 4 49
-8.59655 9.59946 34 5
-6.81706 -6.96583 2 50
5.13665 1.27269 46 53
0.665775 -5.15776 94 31
2.03962 4.19998 4 49
-4.20111 -2.65969 11 90
4.72208 2.16285 1 82
5.36022 -8.51437 38 41
-9.53681 9.44958 5 85
-4.73717 3.26878 22 22
2.14234 0.157997 73 42
-4.60908 3.17371 22 22
-3.58827 -0.0359252 51 6
-7.5073 0.0568121 20 29
-1.40859 -4.24075 9 17
7.90295 0.71427 59 1
1.05215 -6.34983 24 74
-2.5772 9.03751 0 10
-3.9106 0.429969 8 6
9.83251 -5.31121 77 80
5.30504 -5.96939 35 58
-0.87162 5.66499 12 92
-0.0264433 -3.94899 71 63
-2.02998 -4.56949 30 48
-3.86643 -8.10293 18 87
-7.45799 -3.22804 66 89
2.96481 -6.61495 87 8
-9.53681 9.78347 5 85
9.42845 6.24711 17 78
2.06384 8.26161 27 3
-7.24617 5.93578 33 79
6.60032 -5.74503 6 72
-9.83947 6.21147 36 12
9.65712 -5.12117 77 80
0.762892 -6.16752 24 74
4.06082 4.39966 37 34
0.536974 -1.44185 48 99
3.07621 -6.46904 87 8
0.176719 -5.51847 86 98
-4.3941 0.758368 32 6
-8.61643 9.05906 16 5
-9.76713 0.163342 64 62
-3.74766 -3.51824 42 95
-3.99441 0.483655 8 6
9.34669 5.56494 25 27
-9.8338 0.0872712 64 62
2.36375 -7.28089 10 86
-8.07667 7.83897 95 30
3.55725 -9.73294 85 28
8.72375 -3.62781 67 52
-6.87833 -6.73476 2 50
-2.79357 -7.74302 39 0
8.99605 8.07208 26 71
-8.23944 6.46366 82 45
6.05122 8.02719 60 67
9.21204 6.04653 17 78
8.11891 2.78073 96 75
4.4947 8.03861 98 26
-9.87962 6.38437 36 12
5.88935 -6.39656 58 88
-5.36473 -8.49136 54 21
4.68048 7.98756 98 26
9.65749 -4.97078 77 77
-9.20922 1.74966 84 47
-9.00473 1.88194 84 47
-9.51758 -7.99249 49 94
-4.21681 0.829018 32 6
5.2501 0.028867 47 14
5.50898 -8.63208 38 41
1.83967 8.23356 27 3
2.6834 0.647389 81 19
7.64259 5.38217 99 57
5.37983 -6.0744 35 58
-8.86376 -4.31014 74 69
-0.976751 5.74973 12 92
9.391 -5.02143 70 77
-0.858694 5.6435 12 92
-2.69849 9.68117 69 10
-3.78416 0.182057 51 6
0.294145 -5.52745 86 98
-8.20032 8.13572 95 30
8.09537 2.7116 96 75
5.32038 -0.136667 47 14
-8.86067 7.39492 3 84
-6.43654 -6.31026 7 50
-7.56109 -0.125328 20 29
-7.57599 -3.15873 66 56
-2.62833 9.07994 0 10
3.63756 -1.17375 19 61
3.29791 5.01251 78 4
-3.07785 -7.76231 39 0
7.84801 -0.606703 44 25
-5.33163 -8.47889 54 21
4.67516 2.66554 43 60
4.07088 4.6372 37 34
3.61282 -1.21829 19 35
2.02254 8.57435 27 3
-8.63077 8.94668 16 5
-4.48123 -2.7752 11 38
-2.79118 9.38254 69 10
9.39222 5.50735 25 27
5.22664 1.29812 46 53
9.37505 6.23078 17 78
8.71734 -7.16122 89 44
9.72631 -5.22891 77 80
-0.0727246 -4.06226 71 63
-9.30672 -7.72952 49 32
-8.02713 7.84032 95 30
-3.75679 -3.41925 42 95
-4.69109 3.2847 92 22
-3.99027 -8.0787 18 87
-3.70263 -7.61772 61 97
5.4188 -8.64021 38 41
6.44747 1.1279 93 46
8.81618 -3.56412 67 52
6.23999 -6.16716 58 15
3.34059 5.30323 78 4
6.74425 -5.68808 6 72
4.16312 4.48971 37 34
-3.81021 -8.06126 18 87
3.70916 -1.24764 19 35
9.28493 5.48842 25 27
6.61733 -5.67732 6 72
5.60755 0.0104539 47 14
-1.84479 5.15996 53 43
-1.5262 -5.6473 65 55
2.20561 -6.60974 15 86
-9.3983 2.61756 50 36
4.61031 2.77597 43 60
-4.41316 -6.60593 55 65
-3.12927 -7.70446 90 0
3.46709 5.17598 78 4
7.29105 2.6735 40 39
7.81995 -0.647918 44 25
-7.0128 6.1321 33 79
8.63657 8.02431 26 71
0.692813 -5.45258 94 31
-3.18123 -7.61326 90 0
7.30151 2.42386 40 39
7.71727 -0.653578 44 25
-3.18727 -2.97362 97 2
-0.867249 5.76973 12 92
9.86956 -5.16547 77 80
-3.98995 -8.02219 18 87
6.35328 7.04852 63 37
6.57157 -5.7769 6 72
2.28144 -7.13266 10 86
-3.26192 -8.76964 41 54
5.52604 -8.5768 38 41
2.05808 4.21753 4 49
-2.76949 2.79049 80 20
-8.88298 7.40916 3 84
0.275398 3.9836 68 24
-9.51619 -7.86944 49 94
6.31228 1.31169 93 46
7.79003 0.646179 59 1
-3.90014 -8.11427 18 87
7.7887 0.789454 59 1
0.32566 -1.57869 48 23
-1.81637 5.07354 53 43
2.90726 -6.50067 87 8
6.44369 7.26053 63 37
-6.90609 -6.60809 2 50
-9.11408 2.73413 50 36
4.73622 2.01445 1 82
2.12913 -6.47964 15 86
-9.37002 2.7258 50 36
8.90791 7.9033 26 71
-3.29493 -8.76144 41 54
-3.22582 -2.98293 97 2
4.6554 2.97822 43 93
8.55759 6.15671 56 9
6.88032 -5.93994 6 72
-5.3998 4.49514 79 33
-8.56842 8.97981 16 5
-7.34216 6.06429 33 79
-4.83349 3.07138 92 22
-5.51401 -1.4826 62 13
8.79983 -7.40722 89 44
5.2638 1.24793 46 53
-7.47347 -0.112456 20 29
2.24968 0.0176513 73 42
9.23082 6.37719 17 78
-3.6811 -6.2744 83 40
-8.50125 9.65161 34 5
2.6141 7.35138 57 96
-4.32365 0.885047 32 6
4.75574 1.8911 1 82
8.0234 2.69853 96 75
-3.3802 -8.56119 41 54
-5.42353 -1.59138 62 13
8.88225 -7.11157 89 44
8.11706 -5.0513 52 66
4.20101 4.41399 37 34
5.47194 -6.03071 35 58
-3.2337 -7.79769 90 0
1.76539 -9.12701 14 81
5.33937 -8.55756 38 41
7.37885 2.4914 40 39
-9.51471 -7.77255 49 32
-5.84792 0.160907 13 76
2.87772 -6.67953 87 8
-4.60542 3.16962 22 22
-2.32503 -4.52261 30 48
-8.07991 -6.07293 28 91
-0.116309 -4.0212 71 63
-6.35707 -6.43968 7 50
0.0997206 -3.80285 71 63
5.2437 1.113 46 53
-2.58007 2.77903 80 20
-3.64343 -7.62188 61 97
8.60538 6.17744 56 9
-9.76131 -7.8476 49 94
-5.37806 -1.36059 62 13
3.48671 5.18219 78 4
-7.52696 -0.179185 20 29
-4.90837 3.19051 22 22
5.57866 -0.17521 47 14
-9.53122 9.51175 5 85
7.72672 5.61007 99 57
8.02847 2.76709 96 75
6.41627 7.32269 63 37
-8.19174 -6.08361 28 91
0.666276 -5.17103 94 31
2.14436 -7.21608 10 86
-7.04131 -0.192284 76 83
-9.04456 1.91032 84 47
8.45763 7.43482 91 51
-7.14675 -0.191536 76 83
2.68516 7.41081 57 96
-9.96906 0.320261 64 62
9.16571 -4.91721 70 7
-3.525 -7.86928 61 97
-3.97817 0.348785 23 6
2.53326 7.50354 57 96
0.372344 4.0838 68 24
-3.56912 -8.76398 41 54
-1.69523 -5.58876 65 55
0.474245 4.03898 68 24
-5.27137 4.59953 79 33
-3.7465 -3.53786 42 95
2.66658 0.572416 81 19
-3.97798 0.280565 51 6
-3.99387 -2.81578 11 90
6.38264 1.14702 93 46
-5.79322 0.08948 13 76
-8.83221 -4.3622 74 69
-2.82203 -7.69819 39 0
-7.54268 4.25934 45 16
8.2449 -4.887 52 66
9.19372 -4.90106 70 7
-3.43406 -6.18189 83 40
0.209826 -5.42767 86 98
-2.60667 9.09299 0 10
9.46285 5.39019 25 27
0.0108245 -3.78141 71 63
-1.72125 5.15545 53 43
-2.7777 -7.53846 39 0
-6.02734 0.235389 13 76
3.65624 -9.72177 85 28
1.93825 -9.04026 14 81
-4.35495 -9.23988 72 64
-7.78599 4.4145 45 16
5.46028 1.23847 46 53
2.69025 0.786394 81 19
-9.30246 8.10911 21 68
-7.65442 -3.10676 66 56
2.66992 7.46397 57 96
8.81364 -3.3906 67 52
4.48936 8.07978 98 26
4.54619 2.66616 43 60
2.90102 -6.29844 87 8
2.27333 0.104308 73 42
8.48918 7.59449 91 51
3.97439 4.58495 37 34
-4.18387 -6.78525 55 65
2.60296 0.895588 81 19
2.25948 0.238251 73 42
-7.11163 -0.183043 76 83
-3.70076 0.558521 8 6
-9.86491 0.283096 64 62
8.4471 7.58144 91 51
8.2487 2.65627 96 75
-2.61006 2.69179 80 20
-3.15553 -3.13011 97 2
6.40326 7.23538 63 37
-3.73838 0.321813 51 6
-9.35161 2.71377 50 36
-9.28466 1.78975 84 47
2.27866 -6.64867 15 86
1.86151 8.50609 27 3
-6.88734 -6.84599 2 50
6.54725 -3.09513 31 18
-8.06729 -6.21835 28 91
-2.58736 2.69089 80 20
-9.10172 -3.39788 29 11
-9.14684 -3.59931 29 11
-3.67074 0.34367 23 6
-4.53283 0.990609 32 6
-7.52115 4.40046 45 16
-8.11562 6.7486 82 45
8.18443 -5.20412 75 66
-8.41637 9.92868 34 5
-5.97843 0.222419 13 76
0.353446 -1.61467 48 23
-4.07342 0.965879 32 6
-9.24162 1.87512 84 47
-3.6065 -6.26694 83 40
7.29583 2.42477 40 39
-7.25715 5.90171 33 79
-4.01298 -2.81635 11 90
3.71575 -1.04941 19 61
-8.92301 7.17204 3 84
3.31468 5.31964 78 4
-1.48719 -4.08363 9 17
-6.0217 0.34352 13 76
6.31854 1.08438 93 46
-2.71076 9.48489 69 10
4.57885 8.01232 98 26
-1.18455 -4.13492 9 17
-3.58585 -8.82964 41 54
-2.27948 -4.65231 30 48
1.88399 -9.14028 14 81
-7.18231 6.19193 33 79
0.774763 -6.36285 24 74
0.802182 -6.11976 24 74
8.02933 -5.13414 75 66
4.55093 1.89159 1 70
3.8412 -2.16058 88 73
4.61534 1.8978 1 70
-9.48001 9.50358 5 85
4.59928 2.70338 43 60
-3.92821 -3.38196 42 95
3.77044 -2.10789 88 73
-3.7316 0.588978 23 6
-8.93356 -4.4664 74 69
3.85868 -2.20057 88 73
8.3644 7.66287 91 51
-1.48113 -4.20887 9 17
-4.3065 -9.08281 72 64
-8.61271 9.71871 34 5
8.16819 -5.08092 75 66
-8.35668 9.79163 34 5
-6.99474 -0.313596 76 83
-3.56916 -7.85521 61 97
-3.58476 -6.38547 83 40
-8.84977 -4.50876 74 69
-8.66655 8.9647 16 5
-6.29487 -6.49318 7 50
7.86986 0.711307 59 1
0.438856 -1.49187 48 23
-5.37912 -1.61487 62 13
1.78935 -8.98603 14 81
6.5217 -2.92252 31 18
-5.06259 4.45732 79 33
-6.43503 -6.26395 7 50
1.92958 -9.00803 14 81
-9.28982 8.18767 21 68
9.18521 -4.84545 70 7
8.04027 -4.83893 52 66
-2.78972 9.38009 69 10
0.370866 4.12786 68 24
9.31142 6.07822 17 78
8.82321 7.8217 26 71
2.14881 -6.57779 15 86
-2.47989 8.94285 0 10
-9.3022 -3.50231 29 11
6.63617 -2.78918 31 18
-3.56356 -6.4738 83 40
-9.32311 8.22658 21 68
-8.40049 -6.0859 28 59
1.9331 8.53464 27 3
7.6321 5.45351 99 57
6.50478 -2.84354 31 18
5.42492 -0.0146689 47 14
6.56352 -2.88703 31 18
-9.72608 9.30441 5 85
2.08512 -7.25855 10 86
-8.98714 -4.4124 74 69
-7.07716 -0.0531995 76 83
-7.59446 -3.14115 66 56
2.68766 7.33137 57 96
-5.47631 -8.3555 54 21
-8.25709 -6.00859 28 59
-4.36063 -6.71497 55 65
-9.85813 0.217922 64 62
-4.87603 3.16476 92 22
2.44927 -7.10688 10 86
7.21331 2.42271 40 39
6.17636 -6.22134 58 15
8.53946 6.20232 56 9
-5.25181 4.58866 79 33
0.922752 -6.17913 24 74
-7.92911 7.93036 95 30
6.19813 7.94031 60 67
9.08808 -3.57223 67 52
-9.24322 8.14629 21 68
2.66162 0.859505 81 19
2.04371 4.03688 4 49
3.62111 -9.62889 85 28
8.22987 -4.99244 75 66
-4.30483 -9.14342 72 64
6.05386 8.18506 60 67
-1.64217 -5.60407 65 55
0.530863 3.96054 68 24
0.415458 -5.45029 86 98
-4.11767 0.513774 8 6
-5.53214 -8.39881 54 21
-7.68549 4.14043 45 16
7.75886 0.651676 59 1
-4.99683 3.15687 92 22
6.09904 -6.17033 58 15
-8.15701 7.96606 95 30
8.94509 7.90811 26 71
-6.85196 -6.79739 2 50
-2.23716 -4.67654 30 48
-2.28182 -4.69281 30 48
7.79215 -0.522335 44 25
-3.84169 0.4164 23 6
-8.23882 6.5171 82 45
-3.12431 -7.76759 90 0
-3.05606 -3.13044 97 2
6.06297 7.99186 60 67
-1.62957 -5.60572 65 55
8.59019 6.27274 56 9
-8.68927 9.03723 16 5
-2.32262 9.06167 0 10
8.2235 -5.12706 52 66
3.68303 -9.64848 85 28
8.67204 -7.21 89 44
-1.67047 -5.60182 65 55
-4.74154 3.15031 92 22
-9.30978 8.23621 21 68
8.60875 7.37282 91 51
9.26924 -5.11593 70 77
-1.91455 5.18232 53 43
0.684644 -5.12831 94 31
-7.56114 -0.196715 20 29
3.64081 -9.60473 85 28
6.11427 -6.43886 58 88
7.72442 5.59907 99 57
7.69983 -0.517971 44 25
6.09124 7.93403 60 67
