-1.3869792334243953 -4.015552478988689 9
-2.628327972773015 9.079941489061705 0
-6.261094403276841 -6.272657108011205 7
4.672295471476946 1.9601553785039636 1
-1.4084835618647769 -4.176862423126989 9
-6.234525380449713 -6.264591667804328 7
-3.841274092720495 0.5566653810460626 8
6.630324050120665 -5.76619985640782 6
-8.807547579746805 7.15250607623304 3
-6.3015852297574675 -6.126160255960154 7
1.958561522133524 4.280353209031664 4
-3.91273319514197 0.6363506881863001 8
2.127255506396109 4.107928034764852 4
-6.872470567429331 -6.927875337952458 2
-6.635051993189587 -6.867187475078424 2
-6.157879942863955 -6.442230639503492 7
-3.946076048514232 0.41991299208569893 8
4.519849195522524 1.939719560356637 1
-6.380212827236629 -6.303651807882494 7
-1.2646144638479395 -4.013858913684338 9
4.624700326724543 2.03200140458919 1
2.0251747171576575 4.289296742181639 4
-6.277453307022013 -6.390217546788217 7
-9.614214328666021 9.378562058331388 5
-3.7964165356527704 0.7540849968466187 8
-9.533304904181495 9.301362597753522 5
-6.319844675442221 -6.241516318822704 7
-6.937304324208103 -6.804570470693371 2
-9.47343354404674 9.224225665362075 5
6.694850030302347 -5.820989323409687 6
-6.241397286305452 -6.273700032584462 7
4.6731102374260605 1.8983210302850766 1
6.6925466329830705 -5.634153158955843 6
-3.885279849972677 0.41994952763523885 8
-8.966370691885638 7.49900233369714 3
6.767423231474735 -5.681322455367971 6
4.816424260256211 2.0136678550368274 1
-6.716765636594141 -7.018119739097436 2
-3.8478977706889723 0.6851168261342788 8
-1.4173164298155154 -4.196339383413614 9
4.427489263797121 1.920594181772656 1
-1.4804921277975907 -4.161122886562791 9
-9.4498828322329 9.454587955245122 5
-6.724511993599018 -6.868542129846661 2
-1.2610413953533874 -4.242479216946826 9
-9.528570107098965 9.468314317470975 5
6.610035134154312 -5.736176164196928 6
-9.533950098624508 9.361135610031276 5
-2.619831120453353 8.894665465790254 0
4.674054433805817 2.1607867678623207 1
-6.880424455282932 -6.732115179386944 2
-6.4280970737704415 -6.411829003596349 7
-2.669945946508873 9.032749514051552 0
-8.78899596654792 7.3420065278681905 3
-8.818743231126243 7.2256856377372 3
-2.4883112635522746 8.818319115810343 0
-9.648446878479072 9.43017523665414 5
6.719663683677295 -5.657547554755019 6
-1.3774063235520615 -4.249907460519807 9
-9.577890003688763 9.391937730449934 5
-6.6059246818852815 -6.243505263295218 7
2.0868486529782833 4.3777770282514545 4
6.757983828067863 -5.692303974343759 6
-3.8516829939530686 0.6060986168403796 8
1.8942697949970861 4.248697288748923 4
-9.594723948743251 9.431073284270234 5
-1.3637517530825911 -4.263604661161933 9
-6.8862351710160015 -7.001211213252192 2
-9.419917344938165 9.352308616952993 5
1.966780282194856 4.3495672628649675 4
-3.907611776919086 0.3349320514550404 8
-3.753927315010381 0.626620078003162 8
-2.6328926941405584 8.882240466889893 0
-7.031146297371126 -6.743422166531494 2
-6.289816266148744 -6.360042558643145 7
4.721165048111997 2.0361325681330933 1
-8.805714454411799 7.198411557860173 3
-8.874424373217918 7.439455895835128 3
-8.77614676041429 7.1665004435096575 3
6.58204377064413 -5.6540135514808245 6
-8.895693957324035 7.268837021374664 3
1.9915224113688756 4.183366588687303 4
-6.386149065742971 -6.427853726603671 7
2.1540396414276084 4.181211516390149 4
-2.4570034664910603 9.043984595521641 0
-8.842091226878495 7.433853103700355 3
6.675592047415626 -5.721048005814875 6
1.9100280327079457 4.199692530539314 4
1.884368312062723 4.088358551926717 4
-2.5938769948595906 8.862801405729735 0
-2.508686277388504 8.990827414860806 0
2.106364589763048 4.09618915799067 4
-1.2951750603144447 -4.081660182276505 9
-6.957006111061627 -7.0045750636070885 2
4.871344692895452 1.786443164681557 1
4.541727971123306 2.019380031367059 1
2.017741633228626 4.185785500853178 4
-1.559029608195264 -4.100626170427408 9
-8.908762125690286 7.1826767858623475 3
4.5331167932898415 1.9589317354386027 1
4.67215069226191 1.8904465895854996 1
-8.723400424007442 7.253205272986114 3
6.616584832124222 -5.778301088079981 6
4.592775005666269 1.9963746776764957 1
2.0389454556854814 4.210696682321724 4
-2.417657411282543 9.04716123916429 0
-8.817226009915748 7.3138516043116635 3
2.128967703823091 4.278381114965476 4
-6.351233624258508 -6.169441957084367 7
1.9981766290785428 4.196657095572339 4
6.6315582100160935 -5.582046938420243 6
4.714608196740428 2.0342067104840784 1
-8.900809614405578 7.326132020519786 3
2.0188317461254974 4.184873029174561 4
-1.438013862136415 -4.269407506150047 9
-2.3949153416012483 9.089479431467 0
-6.851630328519288 -6.992658498005785 2
-6.571739110305746 -6.768152102132489 2
6.702999088828914 -5.677302270404212 6
-1.4076306728356904 -4.186012031469575 9
-3.8075544269493857 0.4972597975119515 8
-6.853654940979122 -6.9705412557863875 2
-6.934992121685989 -6.999897382534831 2
-6.76284898498529 -6.854667508945825 2
-2.6011400464761305 9.169279568700075 0
-3.896196979149371 0.5952332419014714 8
4.767645325806944 1.914012545057149 1
6.6463501201339215 -5.671441156514448 6
1.977069602939268 3.919063623258013 4
-2.590046983342069 8.964110423839868 0
-1.2914041867066115 -4.208799145014762 9
2.0419523518343228 4.23235193167976 4
-8.811169872916473 7.195848057916672 3
6.55491927662656 -5.767626542006639 6
-2.593119375375014 8.9833648906132 0
4.63865415894341 1.8834442467921488 1
4.651230570753226 2.0393827513928366 1
-8.960540537525205 7.394822758515942 3
2.1429511315150114 4.079757988822185 4
1.9221382338746842 4.1333415266323135 4
6.610940041909687 -5.773575822444713 6
-4.127340630710105 0.434346433935314 8
6.5278833417243245 -5.6932249134348565 6
-6.463339199776817 -6.301730612949377 7
-6.1973747344032 -6.377619428589951 7
-6.210653813216735 -6.281126227302361 7
2.0140851170249188 4.273181139079721 4
-1.5746670485555547 -3.8616423426731616 9
-3.985995817500292 0.34375719338347455 8
-6.86144056564542 -6.855287534645913 2
4.853182173693728 1.7779609039884818 1
-9.488683432139236 9.348821384923754 5
2.0873203526600417 4.151533969542971 4
2.180257449437247 4.109165553205582 4
-8.835495919022964 7.326498529448278 3
-6.87096821240398 -6.895677316815155 2
-2.4767892261132705 8.97577790015669 0
6.740760464307213 -5.782245240853342 6
6.6657888984120435 -5.8945892361249745 6
-9.72857064126392 9.57315471755858 5
2.047238603235251 4.3191968838972565 4
-6.903521995837911 -6.970865959480107 2
6.655300257489448 -5.950764443069864 6
-9.58450976626713 9.410200175911712 5
6.664910214113422 -5.7529131844191355 6
-6.467981575260091 -6.528545461868924 7
-6.787009436398106 -6.689167929228933 2
-2.608251255565819 8.957656355238043 0
-4.015188273269803 0.4273541355922721 8
-6.826646773359742 -6.735952731210157 2
-2.562173643429454 9.065612871509657 0
-1.3699359230782187 -4.212418299027374 9
-3.9616168705390846 0.5152445982320412 8
-6.932652952988514 -6.959396876502181 2
-9.4774918324102 9.294206450527334 5
-6.349412031166867 -6.5087537394876085 7
4.568348465302105 2.0411294588341997 1
-6.925563281105294 -6.965094030222426 2
-7.040271823177028 -6.859763229689224 2
-6.284074187895805 -6.457338745248249 7
6.681940839229881 -5.669864890273584 6
-9.486053070882987 9.642172283873814 5
4.4879418396327 1.9247462766541068 1
-7.083439644669055 -6.980918224367687 2
-9.710886680384185 9.251759555218904 5
4.659784805785448 1.9131479962248525 1
4.629002821382415 2.0133408561506263 1
-2.5337364346530373 8.938912511762572 0
-4.185478370109169 0.562916164597848 8
-6.516066287314997 -6.205651392588606 7
-3.9025171828546044 0.6890215325505857 8
-9.480442030740821 9.394346196289815 5
6.723062353209366 -5.7232885283938275 6
-9.614047767826285 9.231338635852127 5
-6.331183884439509 -6.34667006156119 7
-6.965668527679665 -6.91856514769893 2
-6.3856260182165645 -6.359591132920216 7
-2.4008924987352227 9.119666333401812 0
-1.23066560286987 -4.341666394842728 9
2.1008802507292588 4.203997312099405 4
-1.243787163399021 -4.138452976819352 9
6.654517808498146 -5.7002485109988035 6
-8.967323846610116 7.194015038292341 3
-6.477669567271338 -6.351275748859296 7
-3.9763320498997743 0.49142495293991606 8
-6.949599741950529 -6.858711602202525 2
-2.587522952286374 8.982079976577754 0
-6.673552398663071 -6.704575509031626 2
-3.8310931381587903 0.5498019894648952 8
-2.3614082185785987 8.962459106370957 0
-7.0465677192634075 -6.825773574037953 2
2.0219399809551186 4.0456150870016545 4
-8.993990673988401 7.384123910633267 3
4.854273245160634 2.036561586172533 1
2.0512170992549574 4.4069815699119985 4
-8.911041474218496 7.298771051943553 3
4.855197081979257 1.896434927651927 1
-6.339425337909131 -6.071741491513285 7
-8.933267645519205 7.586761121982442 3
-3.8884424757080973 0.5460011349677506 8
-6.412385598036615 -6.443871546260225 7
-8.782348711842907 7.431600988054165 3
-9.605572844078033 9.486563036988553 5
-6.938866583575157 -6.966508670243928 2
6.6400246111733106 -5.4952468526690454 6
-1.3050076823635612 -4.204965227842077 9
4.766569951146764 1.902402737378854 1
2.172640065040891 4.249187784978476 4
-8.816114379472639 7.275648053332356 3
-2.50337675120815 8.89998909841526 0
-8.75493554118112 7.369440923421547 3
-1.4257223581420655 -3.99788610677821 9
-9.565918700677486 9.53461108623727 5
-3.9470605343759075 0.41552604696440837 8
-3.8351609506150406 0.33349757180109846 8
6.745240727687927 -5.532165486275342 6
-9.501303341015076 9.447765232037147 5
6.646122362057443 -5.846544582341797 6
-6.465919338290908 -6.146500546297905 7
-9.66015084064087 9.48768948093433 5
6.67223140718751 -5.90880735105484 6
4.595874387558403 1.986243741669341 1
-9.440656079111362 9.53620617865463 5
-7.019483948533185 -6.823812669606889 2
4.557656796671458 1.9975384050899232 1
-1.2484946020804684 -4.18055656839801 9
-1.2657859637663607 -4.146704779518979 9
-2.4730340205479866 8.94977415273781 0
-9.022415179769174 7.195565218825133 3
-6.814190625515864 -6.885668060366992 2
4.637788676831686 1.9849024222716103 1
-7.057499216041698 -6.730505162127028 2
4.662288084409143 1.9744289240189115 1
-6.331192728546385 -6.357145153143953 7
6.850191540761098 -5.739564253326203 6
-6.212155681533774 -6.268828634475846 7
4.646306838137647 1.8653952061478014 1
-2.3205790329316973 9.031743909481506 0
-6.710913027644014 -6.791945617581002 2
6.500961659131023 -5.7348817944565615 6
-3.727825363187491 0.6031334392162221 8
-6.7595057989348755 -6.920917130578101 2
-9.743968303949925 9.355385527143294 5
-6.343443736134893 -6.217046067988452 7
-8.786561854589099 7.250948534183356 3
-6.436959813537793 -6.412935046632762 7
6.583925061501835 -5.8756118131107025 6
-3.8640348808567473 0.632494487161053 8
2.066301679869509 4.111246133485648 4
-1.2657871226200765 -4.124108654029432 9
4.770426716943534 1.9752700681040078 1
-8.979078926107793 7.245741246739616 3
-6.816349004540641 -6.653040307495507 2
-6.8382837008289 -6.69243001202014 2
-6.334144862641325 -6.467567983393664 7
-1.3302945732072748 -4.21458205278134 9
-6.8157679452735325 -7.046261599502842 2
-6.451298914533644 -6.414597838335309 7
2.035597202278863 4.091439474426991 4
-6.239672348714624 -6.329782645257717 7
6.581945542142444 -5.649227317694869 6
1.961021365815737 4.122681399927311 4
-8.67900909397207 7.272401347855585 3
-8.826904991769807 7.338553091644891 3
-6.773784742466312 -7.055983541918258 2
-6.214231798962035 -6.35902216303558 7
-9.590865521183096 9.515469945165822 5
4.566842173056387 1.9948155428989296 1
-3.9598873303751208 0.6232302688182686 8
6.5116627017153 -5.914573926222151 6
-2.406097670803155 9.107414140109942 0
-6.599793899412171 -6.432882873402318 7
-9.108016420930168 7.318093428846922 3
-8.854128546493909 7.280834808503961 3
-9.568200209412455 9.503262482840647 5
2.0173538638989323 4.22893350513757 4
-1.422343364621729 -4.139266843518551 9
-3.863764355843354 0.5130868108387171 8
-9.58342410705138 9.402256212360275 5
-9.536026565280402 9.340827042846028 5
-9.61806646441995 9.535767724571048 5
-6.997953042417848 -7.084032811051957 2
-6.906614684680608 -6.977985964854177 2
-2.4521085719834335 9.127842692216381 0
-1.3742253238669155 -4.167732007743284 9
-2.3226201719382744 9.061669420289501 0
-8.841826605685707 7.500602979062254 3
-1.4701395349019697 -4.034323958064534 9
-6.978199795784825 -6.829704941724162 2
-1.2218530971512522 -4.200421847499056 9
2.08657251085093 4.294366808934152 4
6.539621539541177 -5.784858631403957 6
-2.6242969807949805 9.05185593003289 0
-9.512417255105275 9.426316185636823 5
-6.312140645201016 -6.3851798868975145 7
-6.418686470447232 -6.076089874364499 7
-2.4278459013157834 8.891199696554926 0
-6.441990487166212 -6.2670817595469375 7
-9.046520697424382 7.493168552327707 3
2.079276962887396 4.20622241192264 4
-8.865216625691493 7.212870324624536 3
-9.550116568860796 9.441201207958994 5
-2.5127802269637454 9.170750493779723 0
-4.0106673987441805 0.5374885392041033 8
1.9776818915426977 3.972497482826356 4
2.030528633791718 4.267999593427444 4
-3.8819571077523443 0.5141786006226639 8
-1.5384028739783733 -4.049225045967762 9
-7.0100741412017555 -6.813142338392943 2
-1.2781521429645104 -4.194799809916441 9
-6.392681782749542 -6.488228883800989 7
6.538516155391048 -5.968506845729725 6
2.1770507549971816 4.341039323230461 4
-8.881777379379242 7.292605703151839 3
2.0206579452569002 4.280290883265717 4
2.0002038174812093 4.164140139820362 4
4.651908399399291 2.024613567346607 1
-9.573268223569594 9.43469314348651 5
6.570253869957641 -5.886341081790254 6
-1.4716700940062788 -4.196909299068035 9
-8.653432147141476 7.436179418453479 3
-6.286892628019519 -6.209216480542893 7
-9.515547159720253 9.403391631820616 5
-3.8813067564630765 0.4655884916308543 8
-2.5772000952105993 9.037511497914421 0
-8.890779783263987 7.372460371621495 3
-2.499232486543986 8.963938562786701 0
6.864583637334986 -5.813789278734811 6
-2.4576928544221452 9.399559277263794 0
4.675580384824606 1.9038787244146667 1
6.779026944948315 -5.597066666761791 6
-3.9397613896222405 0.4108039731131381 8
-3.9231192799338173 0.5403658122697307 8
-1.451672857243947 -4.240793829904043 9
-6.480492339429016 -6.619136024259489 7
4.560626762384831 1.9616960397940422 1
-6.4522498736381975 -6.375655632963665 7
-8.819651080188303 7.247984622263371 3
-3.9256000626629928 0.4782464603257562 8
4.784993197007606 2.0690967665492526 1
-1.3709584403861113 -4.173532233744677 9
-9.636628760313888 9.55559571956889 5
-9.490133565384792 9.365713904889024 5
6.506671749334251 -5.603084421238928 6
-2.569261492044631 8.985116753218994 0
-8.713719237386247 7.116183892257888 3
2.018987537576796 4.340907342272688 4
1.8639099525156033 4.237493021535339 4
-2.600000030604871 8.873055758064792 0
4.708074133357598 1.9421430082813864 1
-2.6469645598484592 8.920503624206809 0
4.618110715905379 2.083047369139451 1
-2.48778824863973 8.889712250327122 0
-9.650687010153531 9.589600178626565 5
-2.4815285431197482 9.097004453101924 0
-6.904523605999177 -6.782952498180511 2
-9.488509103097986 9.108571505420517 5
-8.580991776311024 7.329444758900152 3
-6.727314783424305 -6.826218588907481 2
-3.917097101398019 0.46481065436132973 8
-8.862360296451824 7.286040834743743 3
-9.62047361920569 9.60587184159597 5
-6.35779934336828 -6.305050575044998 7
-3.903828099755469 0.35130083481302055 8
4.670969592787902 2.120705305635687 1
-8.901024462414787 7.504767771298396 3
-8.735143302689147 7.174966878195006 3
-9.576080363780722 9.452526846143526 5
-1.3822126510404547 -4.274135148754279 9
-8.795365934722751 7.3442916842150145 3
-9.687272927740985 9.492274162038708 5
-9.43823413502052 9.483219217451236 5
1.8971462924451312 4.305828016328235 4
-6.84586692494375 -6.9212972898881935 2
-6.831729208576631 -6.846743382747252 2
2.1958966151807005 4.181242634267174 4
-2.5981490660153024 8.932705099701778 0
-8.92416353465413 7.393553903439602 3
-2.6507346972577914 8.972221595921786 0
-6.3999959288122765 -6.415830769665225 7
-8.935915081933743 7.428887095159487 3
4.784006165134713 1.829583468822788 1
-3.8784264094691117 0.6789470003242695 8
-9.63508023421514 9.432847431412958 5
-1.2525209946637506 -4.1656188806920715 9
2.160516133967928 4.226322544679873 4
1.958526236439044 4.108351860420727 4
-3.954330955713628 0.402887614194907 8
4.62842485170284 2.096951315138078 1
-1.248688355159084 -4.080664549826875 9
-9.49647845348372 9.241146982877568 5
-6.519755241546642 -6.384815070665953 7
-1.295509549504709 -4.155943576567283 9
-2.426991607053301 9.203965426463716 0
6.748457584589017 -5.828897295291423 6
-2.486451629592337 9.145000403626565 0
-1.438387393940046 -4.134711967326708 9
6.587512549654342 -5.78346475508329 6
-1.383585225338493 -4.240417454121507 9
-9.007574219607493 7.4764779474447645 3
-8.779017630839173 7.292568271567304 3
-6.778997910229826 -6.9377987802282615 2
-2.479890375722882 8.942850986395685 0
6.770162586006354 -5.739046095070487 6
-2.6066657900754824 9.092994588572568 0
-6.354659967228803 -6.184156794825798 7
-6.829535472388832 -6.977865117755802 2
1.9599861822216993 4.105903844004883 4
2.041410141666166 4.166095210736524 4
-3.793439288726696 0.6472602378370024 8
4.8031199666212645 1.8301555461446688 1
4.568034414102858 1.9518249687695473 1
-3.8666818590797982 0.4104929671456699 8
1.9802815531545899 4.133273095034858 4
-2.6104807350861927 9.045710861457849 0
-1.3442341599610124 -4.13122313108222 9
-1.37453050130474 -4.094336368723183 9
2.0425925369493054 4.009877144421186 4
-1.4845345143456774 -4.234663621954451 9
-9.595470240025357 9.394474819588902 5
-6.483088962061506 -6.2874495361093095 7
4.640403206199919 1.9778677433172063 1
-1.3919030555762593 -4.097451142812227 9
-8.820557656542684 7.189988479627693 3
-2.5078974338649593 9.159639535914053 0
-6.924056517158881 -6.842379543971461 2
-2.5126688000232744 8.897418324436368 0
-6.9310138828849395 -6.986030945464842 2
4.468565383319014 2.1085569213572732 1
-1.3609790796214627 -4.25712605914598 9
2.0182844397997415 4.018374045709104 4
6.768894206802878 -5.818907214331617 6
-4.007890454228303 0.5189655309182357 8
-9.347968555560124 9.392435163536527 5
4.547185789070293 1.967217148334552 1
4.649578432727373 2.0326853864844234 1
-3.9577909004297998 0.6099732035644327 8
2.080693053396772 4.125522346842203 4
-2.7010747445826544 9.011634740653399 0
-3.8280254110635212 0.36053066462008243 8
6.637730209873566 -5.843608550580956 6
-6.445320544200218 -6.332247248672419 7
-9.577772563469354 9.264794493748065 5
-1.371829841558108 -4.130645503458133 9
-4.065627178212345 0.5711342290137176 8
-2.5105473455265437 8.908515035302731 0
-3.902834660130797 0.5502771702488041 8
6.512164946166894 -5.7756943266237455 6
-3.8800921308818896 0.5440473456595236 8
2.0591675657514656 4.122117674688173 4
-2.5000215453992 8.815529236738232 0
-6.7616974727448875 -6.8733577451349355 2
2.050886773936666 4.194897234919611 4
-6.7965936094968455 -6.965717975866833 2
-6.285664548241324 -6.387028374564177 7
6.651670931745349 -5.7541296860988975 6
-1.3064712023573153 -4.174774969058068 9
6.81662289741608 -5.808576610605276 6
-4.005525326882259 0.5275645608169176 8
-8.939538194162028 7.158037248312127 3
-6.841220646257339 -6.883379068085356 2
-1.3357256610082278 -4.128647878862618 9
-2.555261500148729 9.119998350820213 0
-1.4754722478897513 -4.164561225461509 9
-6.400721333465093 -6.223034940960905 7
-8.58231930280913 7.313916925526238 3
-2.483442583980474 9.006841536621705 0
-8.775086982730459 7.420778360461376 3
-8.845771099546015 7.385590125253771 3
4.563965570072732 1.9882090625883528 1
-6.97611953720928 -6.811504447276103 2
2.0904893838268066 4.346122288494512 4
2.177350284145583 4.06161615184703 4
-9.496677346613703 9.432845890829686 5
-6.332759986077077 -6.250336081677394 7
-6.423721861894165 -6.285032377323821 7
4.75782284830023 1.9262521187302615 1
-1.0966652924559817 -4.3257142288786765 9
-8.937288238661868 7.310944223488739 3
-8.864286891772371 7.173208620186893 3
-1.2300687525457243 -4.035848814960166 9
-3.9687514853206505 0.5759344124728718 8
6.5942283711831875 -5.714037385894223 6
4.725644798548303 1.9571758309443892 1
-6.871890360386509 -6.966238013408773 2
2.164350659663161 4.104376926545961 4
-9.570320698968603 9.537397271874346 5
-2.499489868117946 9.111150627251611 0
6.657035751863193 -5.763106751753591 6
1.9546610046582487 4.34154559921199 4
-4.055786887176429 0.48681807538188776 8
-9.524437091881033 9.283896551966837 5
-8.74592505471532 7.305032701854405 3
-8.800307971535414 7.384581490027085 3
-7.0499654350867855 -6.885664363165609 2
-8.861421209656879 7.393143551980045 3
-2.5315439015853354 9.085686177607531 0
-6.272142193234663 -6.412227697999358 7
-6.366252146363052 -6.154684643264349 7
-4.033059119925226 0.6138965714909137 8
-9.548387801823424 9.46291663721016 5
-9.717778261656042 9.514279721977738 5
-6.945889567045855 -6.823049726416631 2
-6.846934453774854 -6.902019646156833 2
6.795969848757797 -5.774150154149663 6
4.727110899900169 1.9915038845145672 1
-6.375595470718766 -6.289956558540621 7
2.2749934774515377 4.1083646786288766 4
-1.2972945170136094 -4.125332748544715 9
-2.5024448025839576 8.871811309576977 0
4.664375493338974 1.922475366403619 1
4.507855515526037 2.1563155605261675 1
-2.548408438365966 8.86793463338511 0
-6.845777550401829 -6.921638384666027 2
-6.796686633032921 -7.101223124176735 2
-8.899479536935205 7.182856805813881 3
6.530092974105484 -5.722235715411774 6
-6.928387813558519 -6.923365412057909 2
2.013326665435453 4.305463277465856 4
-9.41555579707388 9.441829410207289 5
2.028263271856193 4.096757878150352 4
4.573700189751262 2.0584130174203543 1
4.694588574345105 1.9529504186973425 1
-8.9306510812471 7.18835445493707 3
-6.890330227146726 -6.9836338255178845 2
-9.558046567560048 9.32276945823795 5
-8.693629968200637 7.34317839314986 3
-2.6162868728588613 9.06253336972264 0
4.646859044727103 1.934638324254556 1
2.0466803062412957 4.105043692847236 4
1.9777499827240985 4.306790003632679 4
-9.424108598070314 9.49917875217415 5
-9.75760579550349 9.388363080560412 5
-3.8176353778310026 0.5452380496387418 8
-6.314403160694162 -6.258422024326342 7
4.644436020218483 1.9080096491801504 1
-1.242208290010221 -4.104586811319055 9
-7.027485815729254 -6.765734188955253 2
-2.41379744670343 9.079425253328901 0
-7.042381434939586 -6.875301098609809 2
6.575299821749459 -5.629608468913434 6
-6.332617354598091 -6.1616883084678 7
-3.9420082055998287 0.4060094101032285 8
4.480436070348665 1.9132321816453548 1
4.592685649649158 2.0820647436374684 1
-2.4795855953462924 9.040391655416311 0
-8.862902063044604 7.296250558523936 3
-6.8219199784332165 -6.900414131880246 2
-6.38440298158659 -6.416961848352254 7
-1.4804633103333331 -4.083501778678161 9
-2.6642639661593632 9.021142425678924 0
4.690377564126147 2.0597452033577444 1
-8.84160308365761 7.269180438385327 3
-2.535663306376546 9.286303044857284 0
-2.5975833666728634 9.029658638792874 0
4.592384305112006 1.9078367606833608 1
6.465232278698106 -5.702418653743223 6
-6.38154864721705 -6.012599046146837 7
-8.797502481064564 7.153264555074919 3
2.2521900472261005 4.125167699876943 4
-9.103424737475311 7.43267360069095 3
4.756195211443598 1.9741929900426907 1
2.2298263221267023 4.092532774111952 4
-9.527032723577694 9.292855486922521 5
6.578351630432595 -5.7587946942002475 6
6.6123206608772245 -5.734749755847986 6
-7.126791641163999 -6.959799118822994 2
-1.3808334691884179 -4.190544524404513 9
-3.8741732751163944 0.471002867182903 8
2.0830898858358298 4.180112468236545 4
-8.892819665316905 7.36343652693391 3
4.539277098078131 1.8517508226619588 1
6.584500992970422 -5.6604337736263535 6
-9.428859607761455 9.313500908408054 5
-8.818519280559224 7.309086874306309 3
4.637977215437832 1.872916747476951 1
-6.411775008076191 -6.427242663757195 7
-6.955953106805522 -7.060597803342398 2
-6.4707145570565485 -6.624044851280784 7
-9.565864932227953 9.502906873501102 5
-9.607378354160286 9.419940330557859 5
-1.3805904551929533 -4.062040186352455 9
-6.365637385292831 -6.4066309708461056 7
-1.3451139879579452 -4.278184710131757 9
-3.9338695673097006 0.5937016322127435 8
-2.4618738605953956 9.007003236932634 0
-1.2345288430712151 -4.262034680860611 9
-9.617805081913154 9.52297125050726 5
6.716645403142363 -5.802008927249047 6
4.734921220046706 1.9154793183744916 1
-9.57578766381916 9.355256489127362 5
-2.5794029324404852 8.981519913538545 0
2.088154662131459 4.362472009797544 4
-3.9894021993790503 0.36312638152268667 8
2.0921225662255347 4.200800094463084 4
-8.874688977857396 7.317828353126597 3
2.0351106763552544 4.093346390173421 4
-2.56936828427569 9.199513946649216 0
-6.388369768476342 -6.171175245329325 7
-1.2902781848320295 -4.1520955829128114 9
-3.9081499244979274 0.6113164629055763 8
-6.874775028356788 -6.963204604917051 2
2.0127706816254802 4.189353708497943 4
-6.944691448063453 -6.928822131652416 2
-1.2641539071050114 -4.132697759851993 9
-6.850649705461628 -6.6725695134114025 2
-1.518187242364535 -4.288093942930142 9
4.614622021088786 1.848391365744247 1
-6.323531860682723 -6.3970454923105065 7
6.6418029382025265 -5.704567622051857 6
-1.4840545866029269 -4.125747273715509 9
-1.4286174546551234 -4.189869063110713 9
-1.4420599791498498 -4.133011091592753 9
-8.75601069823982 7.330854712217543 3
-2.576889823083346 9.075453757082409 0
-3.856485760661718 0.4476382669825048 8
6.581503753584049 -5.725318370212097 6
-8.892303724666947 7.245692442958472 3
4.5809423605336805 2.0581298936428345 1
-8.744759917321264 7.450678424998119 3
6.39346070251824 -5.659785795310549 6
-6.345398499987617 -6.461592997726909 7
-9.612725777613015 9.494605760068723 5
-4.015085364038737 0.4446511405219355 8
-9.663706572970618 9.37012953555321 5
-6.84018197691344 -6.9222080413579725 2
-9.687169224799042 9.287838111518308 5
-3.977420076982691 0.5145893781684815 8
-3.9069111655157953 0.3493734826982642 8
-2.5284337195308626 9.044440862431683 0
-8.766160550231687 7.21061773837698 3
-6.288166493747535 -6.293793964443046 7
4.55732911654885 1.9410310997754328 1
6.771619715255765 -5.874181888303598 6
-3.7854556861531345 0.49284182641486907 8
2.162235778522776 4.253914924212186 4
-1.5504610938530639 -4.154087825301867 9
-9.643340629468494 9.331034706446081 5
-2.473418887017922 9.070364580835145 0
-9.650866384234904 9.437777396583627 5
-3.8868263536546315 0.46923813527434954 8
-6.683154677859632 -6.876583238078774 2
-8.79022683346234 7.345911317926617 3
-9.747609487437119 9.442244517035926 5
-3.937501739046431 0.4601969530329375 8
-1.301743954929599 -4.469456059505589 9
-9.71269643762308 9.328906523460295 5
-9.72726736076031 9.233657168544196 5
-1.5294434463797801 -4.25600420268878 9
-1.2578450067235194 -4.062746682356403 9
2.129663409850153 4.058800025979803 4
-3.708902648884931 0.38837534121933 8
-7.066706383253855 -6.915260941680078 2
4.684260779042725 2.0506330892836657 1
-9.838250685571309 9.62729130049896 5
-2.657049822089493 8.942301707358851 0
1.9670779304360786 4.22474473769646 4
6.647321831091136 -5.695288636474368 6
-1.3665890272193137 -4.146861788553395 9
-6.852581508573286 -6.88513340422086 2
-4.132422095410649 0.5798708003597994 8
-8.812724783204622 7.4217920138932545 3
-9.658509282864626 9.331906951484791 5
-2.5636358955052683 9.025378387169308 0
-6.967189016489746 -7.01838956637238 2
-6.419925415723727 -6.31345467261162 7
4.647459292047474 1.905453512789521 1
-9.426938987178087 9.443550473391284 5
-9.652206288852902 9.265888063899137 5
-3.7536175718623013 0.46289658572362324 8
-6.842967366541585 -6.974097571908682 2
-3.9795101240409916 0.5981247144028734 8
-1.25549394625108 -4.153093304626245 9
-1.3637402028535779 -4.1474010801572 9
-3.898309043182284 0.6268883862055532 8
2.202068887549128 4.22553584204761 4
-6.341032183282799 -6.238650719744014 7
-2.4841483380181626 9.04893094914802 0
-8.735412192903446 7.370782663740007 3
-6.293861911112316 -6.236379282074273 7
-6.275189678143271 -6.339693522632603 7
1.9201769531511044 4.232287200650844 4
-6.842512603814139 -6.940508111947529 2
-8.946434089396 7.385116476193129 3
-8.82738827717552 7.396099577888572 3
-9.526958316810909 9.295917786720045 5
-8.828715678941911 7.277295386628199 3
-2.4279450408133303 9.149910131055403 0
-2.5163986352107837 9.114639417987524 0
-1.4047382162103421 -4.186378176431744 9
-8.671780312189753 7.424959922000516 3
4.486467419154539 2.100937366130583 1
1.965182335885896 4.218709834056525 4
-2.491879530467632 9.052817866171205 0
-9.657125148601724 9.623440623774316 5
-9.580627924977925 9.26989782082103 5
-1.4403416192576812 -4.2062133490030655 9
-6.877785353232315 -6.712465862048418 2
-3.8747821317755844 0.49270907200566566 8
4.556979335135894 1.917151579921035 1
-6.371768724442258 -6.344084553769652 7
1.9733562906123534 4.265867643627816 4
6.593103637507652 -5.8901980843923845 6
6.702503800365476 -5.843064584613581 6
-1.4398780023485092 -4.237501955864273 9
-8.74449937603841 7.271918442676966 3
-1.4252477866799804 -4.132224941571767 9
6.56531811068246 -5.538702873657138 6
-9.52307782624261 9.240557827541462 5
-4.073274211012459 0.5846324640523688 8
-3.9634612459775895 0.5098079338433122 8
4.315752102221194 1.870730919807303 1
-2.5169077939941604 9.048401325679986 0
-1.2510036636578281 -3.979582450617102 9
-1.3233895877674666 -4.178343477407659 9
-6.818210521146928 -6.804358822271216 2
6.568485359211462 -5.589306105890071 6
-1.3322302642296995 -4.149385012162039 9
1.9975824966121158 4.093253131121129 4
4.594872289080177 2.035454677175482 1
6.652261162834359 -5.830215109540341 6
6.631356840338895 -5.828792302383762 6
-1.6141283794323182 -4.204017618227172 9
-7.086371401155258 -6.8890215972272255 2
-2.525326194219351 9.054691213879776 0
-1.3089873843197513 -4.110895637444155 9
-9.59074557331005 9.612424079101073 5
-4.09546910843484 0.33671503834420824 8
-6.890859996120353 -6.902206553229269 2
-8.949385341182593 7.498749959841065 3
-1.4206657565620344 -4.037973386722079 9
2.17885263778761 4.15487652981361 4
-8.83275526540714 7.432942067345798 3
6.704685507260608 -5.745617247293236 6
-6.907132360866434 -7.110301709749505 2
6.757442372591593 -5.705747963146481 6
-1.3055391805573404 -4.166459127913637 9
-8.895891539259788 7.3357238969632395 3
-9.424966960853842 9.283562503938017 5
-6.306949691294833 -6.507986078846906 7
-3.8638445609916374 0.46917396488636554 8
-1.3779140090161641 -4.222626253808874 9
6.687710676461532 -5.503917834691197 6
-6.175042025264527 -6.177585450104105 7
-9.538907095455677 9.424264419822277 5
-2.4505119136727234 9.23333169077932 0
-2.5311648118365015 9.049997385349496 0
6.743808229552568 -5.901707583279467 6
-9.653451914445396 9.349808459834454 5
-6.505337229151291 -6.5079906841294015 7
-8.842283272021676 7.3916729852359655 3
4.798480517842637 1.8493881340580471 1
-1.5762811672906156 -4.247332527963403 9
-1.4159721179317812 -4.16613270592505 9
-6.38051911811048 -6.377232607864051 7
-6.190804270734647 -6.371873421492784 7
-3.725036072233945 0.4890625512632952 8
6.694441593216596 -5.536717551944369 6
6.588291262034749 -5.5706168150797835 6
6.544161717740241 -5.699552511181748 6
-3.9288999922720147 0.5904160873650511 8
-3.753933077983703 0.5848125642313104 8
6.712230504101646 -5.711837876689327 6
4.708504855265553 1.8118980968217668 1
2.2069639344689422 4.054443079288293 4
6.652053230915012 -5.828559573469096 6
-6.465082837755827 -6.325741817946526 7
4.7556899235781085 2.0523359533370256 1
4.852094455929365 2.0764162099958465 1
-6.715130419801142 -6.905013197231584 2
4.550037369093266 2.0223616010913825 1
-8.767552563090463 7.267276237909276 3
-6.2092896606012005 -6.131300514115411 7
1.9218861581889688 4.084671799410496 4
4.638027522628862 1.9443038200487182 1
-9.580446595052342 9.198376974786676 5
-3.8832376897673275 0.6291736772470717 8
4.858859129549868 1.8923398554052169 1
-6.316857657614635 -6.335473951161072 7
-2.4748357940959043 8.837982112662049 0
6.590684724613571 -5.854693459503763 6
4.437364577562341 1.9918151154176749 1
-8.845344327781875 7.157426822147104 3
6.768509966174885 -5.769070743737174 6
4.619066611192374 1.9238695904748486 1
-8.857014921052146 7.279549809671286 3
-6.38614854504814 -6.295173252249706 7
-6.361421285090447 -6.404710097054237 7
4.591342481445191 1.9813570978793642 1
6.604524590889285 -5.841698057837167 6
-3.783443634075259 0.4833217799456494 8
-9.556174392538924 9.440389118663415 5
-9.686558853437782 9.375733728240183 5
-1.3341869330331744 -4.209736423588902 9
-4.021394493623934 0.5379593423655221 8
-2.543469074705427 8.93405840127616 0
-1.5218556135945827 -4.251689673895783 9
6.649888077992774 -5.8844014096694925 6
-2.3689181919591404 8.874101021919094 0
4.513790440794597 2.0649558786462094 1
-2.5031746020586474 9.26061033944685 0
-1.2885900484728854 -4.123799367327665 9
-9.624554208224264 9.286230053777272 5
-3.820124381611888 0.6661899699029498 8
-3.8938354779854767 0.41993169947087533 8
-6.869693960608347 -6.804970880938768 2
-1.29894243817208 -4.212378229643525 9
-8.836484363329472 7.358281086034871 3
-2.483209343627908 9.092468415376052 0
2.104348452983912 4.212178959031639 4
-3.8044470738805485 0.4830905162493974 8
2.043138515658931 3.95727806907848 4
-3.9805627091219877 0.3120653429591116 8
4.722420471126904 2.0545206475407958 1
-8.863825478378097 7.473922214356972 3
-2.473058062501909 9.168089784844918 0
-2.3626327461605947 8.991708498149668 0
-6.792514720808101 -6.912711946492731 2
-3.8232322473517253 0.42831422409085784 8
-6.796057979944756 -6.993080278741709 2
-1.541205400572959 -4.229684576012564 9
-6.2438375071934225 -6.392888093363262 7
4.681171981655663 1.9167972286603345 1
-6.435182887918268 -6.51856346463863 7
4.691813487652219 2.1264435752409896 1
6.816110054692206 -5.711315885497872 6
-4.0086990110137055 0.6037268442622605 8
-4.015809397337209 0.6091164887576618 8
1.8774988448225511 3.941570960258901 4
4.495070402078369 1.8324233065030764 1
-8.872596516044045 7.286378828899124 3
6.787873570910167 -5.69743675579929 6
-9.59300217197187 9.445901125962198 5
-1.4582653006118138 -4.3133790125180544 9
-2.540724547516785 9.090183050247648 0
-8.712752144078658 7.234062185276753 3
-6.1573502981943475 -6.21107317987201 7
-6.729391485941667 -6.872700115233969 2
-1.2817507551024638 -4.35027039336298 9
2.1418048977566597 4.009132865442531 4
-6.944284479575523 -6.988264393637386 2
-6.932677305912323 -6.937691417340415 2
-6.373516063505983 -6.35227717794902 7
6.801927899242806 -5.6313416012647455 6
2.1118195568669487 4.224968736089106 4
-8.917375202180542 7.3706697512123025 3
-8.821241212823216 7.305124581863435 3
-9.477757520788153 9.516900073795924 5
-9.515046106362393 9.390125385229029 5
-8.650125306988507 7.458064920114201 3
-9.620344844903384 9.440613637880078 5
-4.10267238777382 0.5066312405594989 8
-3.9486326740199 0.4547637863205576 8
-6.803928329486735 -6.9723261256937095 2
6.587901595792507 -5.771914916733022 6
-6.377346254256365 -6.454339626560261 7
-3.8442099590953416 0.45157999558777295 8
-1.325954806403527 -4.068402172207518 9
-6.297212528991246 -6.214562417182791 7
6.653233963206347 -5.767917986597325 6
-6.381790299968472 -6.194422161016505 7
1.9705391049605585 4.183830351084799 4
-1.3644226262221313 -4.196228881766415 9
-6.3206190058249305 -6.26259924220501 7
-9.511140243019117 9.113342781176879 5
-3.6980608690594643 0.4775400514015236 8
-9.485281768680768 9.422075959142537 5
4.5625963147743445 1.9494878232667312 1
-2.435350965053209 9.031422956317318 0
-6.955262265679701 -7.022334964235714 2
-6.42155300083846 -6.273051962489263 7
-1.362970502802275 -4.21426904134805 9
4.708893235399213 1.9330476367521483 1
6.668057727657438 -5.784129432854727 6
-6.376902372525279 -6.330440983458404 7
-3.939048350726215 0.4584461914632885 8
-6.885895100878587 -6.784595361225823 2
-1.153691360182688 -4.267355655197804 9
6.781672230193341 -5.697594785494411 6
2.0490052614511014 4.250414635483253 4
1.9390646775537528 4.20859311155955 4
6.514140187055466 -5.850379190285542 6
-9.687449349029581 9.182858031879515 5
6.702728415253072 -5.845285145742413 6
4.711040324036991 1.8607054747569451 1
4.6496464460829845 1.8958687055551853 1
-2.4466308882762497 8.928570372556694 0
4.729838823771426 2.0038996360283927 1
-3.895716710651512 0.45981200336368844 8
-1.1878481272091759 -3.952287181419898 9
6.705751123926963 -5.5903781241216235 6
1.9776568734091229 4.18086055521074 4
2.004605512114771 4.081621831467063 4
6.660810852849851 -5.850524680522632 6
4.667978023001605 1.9108997319586727 1
6.627508528915415 -5.604145172749481 6
6.44947925175129 -5.71581212944972 6
-9.528834679917422 9.483538599117917 5
6.662206906486664 -5.768464770072531 6
6.542341449700898 -5.783740256869944 6
6.5318415134025 -5.933415830192478 6
4.702290817933317 2.03600423486716 1
-3.8153240509944495 0.4519666013729524 8
-3.9311684203659096 0.5622626402898039 8
-8.909612334903727 7.334165938267893 3
-8.946433410676837 7.4288382008319935 3
-1.4683739297316658 -4.151492509628047 9
-3.857191823487888 0.5277082643029739 8
-2.5538491182594525 9.09992600763067 0
-8.890600058687914 7.428423838082392 3
-6.9065678745957255 -6.80835536769635 2
-6.792666599140704 -6.744545807395451 2
-1.4237713496166817 -4.089177848800885 9
-2.4576940963318843 9.065664723289542 0
-6.345856500330265 -6.368612586839656 7
4.558056767904754 2.182408411509278 1
-4.020523382723881 0.388348340486838 8
-6.983351806583916 -6.899143461084307 2
2.00558842683249 4.1761229245642415 4
-9.590273893976619 9.453446038681601 5
-9.469363065191487 9.275436261726187 5
-6.4163623240329635 -6.273273401055814 7
-3.751158687872106 0.5693413817519465 8
-2.412860010128318 9.055564220891972 0
6.648245724854446 -5.669368708989313 6
-8.973146298846581 7.3978493249009745 3
-6.410104306044812 -6.491380109658003 7
-3.9686879594046376 0.48607530441434116 8
-6.77587319672548 -6.931111233161421 2
-1.470196270179205 -4.21649862483462 9
6.8807857700066055 -5.713886002495039 6
-2.642016227942593 9.033972251785233 0
1.8697477177717017 4.092260748932785 4
-6.356801584135501 -6.280315881160914 7
2.0565727695019462 4.207126877836287 4
-2.6154279944253607 9.06164537126184 0
-6.815089596192755 -6.7432464375227115 2
-6.944810801931486 -6.875369726144306 2
-6.3096710479530245 -6.224659069200343 7
-2.7711721334617248 9.096476378635844 0
-2.476071279912394 9.111840640910557 0
-3.928418515447503 0.3976757021776931 8
1.887855183760748 4.069586361272489 4
-1.2810586746349168 -4.099988063057804 9
-3.9107948961720003 0.6646337366878325 8
2.120732474711834 4.140052671498358 4
4.642329853653996 2.022969513065277 1
-2.5207624512915743 8.984175758639392 0
-3.9580853632609716 0.42588653465737164 8
4.7373908095698765 1.9584639457905182 1
6.663719561728647 -5.786926383546281 6
-9.603315672787204 9.41075468858704 5
-9.697937622773471 9.254191954980456 5
1.966408050137017 4.199172743427361 4
1.9256026205512544 4.156680420306711 4
-2.4269431318424313 8.89220176320122 0
-2.39333806515201 8.93221789636315 0
1.8863146207661838 4.236076912523631 4
-9.379472643605878 9.38423808042437 5
-2.557115046837279 8.99572023053194 0
4.555906652010024 1.9132304193963299 1
-8.767231759815662 7.367949246647307 3
-2.500492916228933 8.984385393151735 0
-6.196510205422847 -6.292442649949026 7
-6.8560657353404135 -6.80302307388725 2
-8.871906226565024 7.490425068027642 3
-6.44625967792286 -6.323295414626686 7
-2.4300944283484456 8.923347382718848 0
1.9705713898541384 4.302386299939467 4
-9.623175327524738 9.363271272808044 5
-6.5250138374485385 -6.215435867485606 7
2.0813657179334064 4.2723219139792 4
6.5912017759357635 -6.012322015648968 6
-6.892418950299347 -6.975663637335989 2
-1.3739533783015783 -4.363602100588925 9
-8.836934827444717 7.321110406787703 3
-3.9083695897565054 0.5804060001569792 8
-9.605617296512339 9.399754947998034 5
-6.821971494845694 -6.848984577821593 2
-6.29126252007521 -6.3691931181405 7