-4.679286007220157 3.346372769688161 22
-9.913452462214593 6.218472202892522 36
9.403722118462362 5.554100350628166 25
8.010578309050077 -5.091937085781588 52
5.44974754872763 -6.108781380957655 35
-7.566771590911596 4.4525753257157055 45
-9.225901171839725 -3.4264261298517087 29
3.539852096093405 -1.3376965026456287 19
-4.333013876974268 -6.600094836721475 55
-3.8556199453466165 0.45055234070686684 23
-8.352594881260407 6.7820913773991895 82
-1.3106008992596394 -4.088841676622149 9
-2.8396801545703503 9.47388262903762 69
-8.791003994178656 7.316240024233016 3
3.987147531195107 -2.3111815002761458 88
-2.652552463454193 2.757846195030402 80
4.638060626297252 7.819444417537843 98
-8.945417006442122 7.371770157023022 3
9.016151292823457 -3.588227362300222 67
0.4210781177108688 -1.2822774803000685 48
6.398315103550457 7.275670239655249 63
-8.110140244012962 6.640787513854521 82
-5.448740092071171 -1.3957770177198063 62
-10.05649818564009 6.363564588334675 36
8.134539895837774 -5.186847153894158 75
8.84246785807782 -7.253431964030206 89
-3.1015031079299953 -8.015383837251226 90
-4.275405310778915 -6.916420384556267 55
-9.42878248695334 2.673522331151569 50
-1.8284381558693141 5.226955751197398 53
-3.716155705495066 0.1170713461806798 51
0.6008750861517383 -5.362774250444177 94
5.3856559935092605 -6.112085446284533 35
-3.697413007568407 -3.7174470903658476 42
7.901178991624843 5.5128147823206435 99
-9.947234790584785 6.384767691679257 36
-5.391423387943339 -8.585513161062671 54
-4.441122035252101 -9.335354056903537 72
2.2256263985410927 -6.528480499710823 15
-3.383922046735843 -7.80856749941893 61
0.44938725324814655 -5.539003277850198 86
6.3372838780829115 1.1002940083382629 93
3.6961781957490856 -2.411730562010234 88
8.624733223740666 5.991390752022676 56
-5.182229002356141 4.554409385859254 79
-9.058794397179554 -3.5873813633674483 29
-0.7622839404437846 5.704542533962232 12
-6.410693842436931 -6.223014743234587 7
-4.182363844434953 -2.7975414523226507 11
-4.050496869863285 -9.315347930201376 72
-3.9813337872860846 0.5803719661243797 8
2.2503521626671676 0.16445082263552097 73
-2.7729782163964933 -7.702923348101705 39
-3.189140632502083 -3.091236092748718 97
-7.49950819937948 -3.396252609231138 66
2.0281211067087757 4.047154526137847 4
1.9339144912440625 4.1768240665154615 4
-8.59654895174306 9.599458758913912 34
-6.81706045637477 -6.9658253489175745 2
5.136653526793418 1.2726907871035247 46
0.6657745214838272 -5.157759593410236 94
2.039618327449294 4.199983293893792 4
-4.201111477965335 -2.659689076397557 11
4.7220848522275505 2.1628489822061265 1
5.360223322938698 -8.51436709818655 38
-9.536806587363085 9.449575638331106 5
-4.737168304327594 3.2687798876534755 22
2.142342735346115 0.1579965522841374 73
-4.609082122248506 3.1737109307908353 22
-3.588271859223703 -0.03592519994675866 51
-7.507300651680306 0.056812093525661495 20
-1.4085941582737809 -4.240750119296533 9
7.902945871846469 0.7142704569976674 59
1.0521495989377216 -6.349828454699929 24
-2.5772000952105993 9.037511497914421 0
-3.9105979568188642 0.4299685978841755 8
9.8325137451045 -5.311213260248369 77
5.305038628551233 -5.9693894456474945 35
-0.8716201071602786 5.664987868174097 12
-0.026443343079799602 -3.9489881246659047 71
-2.0299816929187204 -4.569493009324909 30
-3.8664314711050243 -8.10293017515272 18
-7.457994864890971 -3.2280410942762834 66
2.964807605462039 -6.614950676420011 87
-9.536805345453347 9.783470192305359 5
9.428451748841194 6.247113231725515 17
2.0638420249066614 8.261610751820024 27
-7.246172788929 5.935784814719356 33
6.600316461225526 -5.745030372495845 6
-9.839465938765514 6.2114730446168265 36
9.657116897484856 -5.121173382263539 77
0.7628921339565052 -6.1675236520729175 24
4.0608209612980914 4.399655150753295 37
0.536973646036073 -1.4418478361101674 48
3.0762101251990686 -6.469039052932768 87
0.17671936562417517 -5.518473079446673 86
-4.394101565400462 0.7583676191049271 32
-8.616426505395607 9.05906170866673 16
-9.767129008778586 0.16334157872957814 64
-3.7476608283103396 -3.5182436123459455 42
-3.9944072146525156 0.4836549884980674 8
9.346686008143248 5.564941460457041 25
-9.833799505656648 0.08727119396928457 64
2.363749009366252 -7.2808897335210405 10
-8.076667253375758 7.838973602749168 95
3.5572502738376666 -9.732937099213435 85
8.723749027146956 -3.6278065542333153 67
-6.87832700196348 -6.734756185560215 2
-2.7935708417774165 -7.743017328168988 39
8.996053623771981 8.072081092797296 26
-8.239435230836742 6.463661979121865 82
6.051215777983516 8.027190178130647 60
9.212038923341217 6.046528101050448 17
8.118913736562407 2.7807321760213974 96
4.494697913875723 8.03861391588038 98
-9.87962442698503 6.38436728143386 36
5.889354114849126 -6.3965565189528535 58
-5.364726564370712 -8.491356447355539 54
4.680484704310652 7.98755862920294 98
9.657489129542695 -4.970778862825933 77
-9.209214907156781 1.749660438965057 84
-9.00472851621977 1.8819431498915378 84
-9.517576600254458 -7.992485755445721 49
-4.216813034902256 0.8290180592093319 32
5.250097136119739 0.02886695923387625 47
5.508976144925429 -8.632077650783954 38
1.839673724955125 8.233561482686325 27
2.6834046567089733 0.647388515747682 81
7.642589250356715 5.382171905792105 99
5.379831129020965 -6.074398907693022 35
-8.863757506041297 -4.310141156223204 74
-0.9767511807640756 5.7497295752866 12
9.390996323641208 -5.021428712867665 70
-0.8586943461019335 5.643497540144393 12
-2.6984910880233386 9.681171668410304 69
-3.7841649567411824 0.182056846063246 51
0.29414471478917 -5.527454496435099 86
-8.200321539951595 8.135718294453213 95
8.095367916335483 2.7115973342626196 96
5.320383117065362 -0.13666676472214995 47
-8.860674035168595 7.394922964907912 3
-6.436537319029702 -6.310263943973126 7
-7.561086616703663 -0.12532766166661014 20
-7.575987626739417 -3.1587334923650974 66
-2.628327972773015 9.079941489061705 0
3.6375566996813053 -1.1737451314722094 19
3.2979095580759474 5.012511710912342 78
-3.0778498791272764 -7.7623083350444535 39
7.848008845952321 -0.6067031366464883 44
-5.33163398824686 -8.47889201706844 54
4.675157148415705 2.6655410445133763 43
4.070884501057758 4.637203227679063 37
3.6128161081178938 -1.2182948403791578 19
2.0225371711802174 8.574347856215569 27
-8.630772843164912 8.94668406940732 16
-4.481233763302544 -2.7752018982595947 11
-2.791181950839252 9.382541958919033 69
9.392216925262991 5.507354526598765 25
5.226640451798438 1.2981206137797943 46
9.375052643196403 6.230781513255649 17
8.717337044740608 -7.161215123331468 89
9.726306049626702 -5.228906651263909 77
-0.07272460490169504 -4.062263528118453 71
-9.306721855623563 -7.729514957179135 49
-8.027126362208264 7.8403245663539805 95
-3.7567921098758994 -3.4192470400763626 42
-4.691091466633456 3.284703094894929 92
-3.990274336211838 -8.07869630403762 18
-3.702627206341499 -7.617716653646772 61
5.418798953854183 -8.640208585294438 38
6.447472349427502 1.1278951478918984 93
8.8161753965408 -3.564119820470946 67
6.239988982428549 -6.167161815777471 58
3.3405876664045007 5.303227951304286 78
6.744252992357756 -5.688078661303897 6
4.163119127124491 4.489711698309306 37
-3.8102126431908117 -8.061263458022536 18
3.70915718735401 -1.2476444427450861 19
9.284930512352913 5.488418518720161 25
6.617325891544401 -5.67732086438515 6
5.607546048738724 0.010453931903312647 47
-1.8447935659153836 5.159960226983765 53
-1.526204324467068 -5.647304520807345 65
2.2056067761457703 -6.609736791497559 15
-9.398305155320799 2.6175556344014415 50
4.61031019226713 2.7759714857342965 43
-4.413163882513011 -6.605928618090908 55
-3.129269960366556 -7.704462198605828 90
3.467091019494692 5.175984443500678 78
7.2910460032015125 2.673502616415702 40
7.819953713191066 -0.6479180291787762 44
-7.012801336997491 6.13210359077574 33
8.636567414210221 8.024314690742827 26
0.6928125781060945 -5.452579719810335 94
-3.1812283860939745 -7.613256673262282 90
7.301513731749701 2.423864088469132 40
7.717267357997193 -0.6535778683392444 44
-3.1872684574809584 -2.973616432323254 97
-0.8672485811341557 5.7697322953123775 12
9.86956148513545 -5.1654695958772905 77
-3.98994665608923 -8.02218899872313 18
6.353278747303996 7.048515571775268 63
6.571570294554679 -5.776899647108478 6
2.2814398372622127 -7.13265938161623 10
-3.2619181107306217 -8.769640531581683 41
5.526036214640358 -8.576796152270507 38
2.058078970899004 4.217530008557732 4
-2.76949128803398 2.790493072278915 80
-8.882979251842713 7.40916279493105 3
0.2753983581921156 3.9835994213931434 68
-9.51619177152669 -7.869443817108678 49
6.31228049890258 1.311691030345331 93
7.790028189500362 0.6461787286281917 59
-3.900144160713214 -8.114273891023533 18
7.788698112029988 0.7894539433340974 59
0.3256604976657762 -1.5786875100353694 48
-1.8163740791032197 5.073540690106014 53
2.9072561560058174 -6.500668287228344 87
6.443687533904751 7.260529673049711 63
-6.906092874475066 -6.608092676616985 2
-9.114080305940329 2.7341300686770573 50
4.736216449152534 2.014447776634382 1
2.129128917706044 -6.479639841055451 15
-9.370023357074022 2.725795716564608 50
8.907908549690166 7.903298856693986 26
-3.294927032603847 -8.761435347496311 41
-3.225818013685285 -2.982932266716434 97
4.655401753371909 2.9782187128847024 43
8.557591825630075 6.156713028916233 56
6.880318672675786 -5.939944305693651 6
-5.39980163724448 4.495136165249067 79
-8.568420259578977 8.979811129229942 16
-7.342160132530505 6.064285978667518 33
-4.833485256590862 3.071381698264723 92
-5.514010466743653 -1.4825960910300247 62
8.799832062576032 -7.40722033277856 89
5.26380189551162 1.2479323538178382 46
-7.473469340784222 -0.112455650770939 20
2.2496794981305333 0.017651255498524247 73
9.23081859316784 6.377185689897767 17
-3.6810963148782045 -6.274400927617113 83
-8.501250295639823 9.65161031187752 34
2.6140991621775336 7.3513813312141245 57
-4.323654109946808 0.8850466786193234 32
4.755738394128842 1.891101452105561 1
8.023403033780966 2.698525245711982 96
-3.380197665028061 -8.561189263051999 41
-5.423526649067841 -1.5913786633458844 62
8.88225380970728 -7.1115719816653895 89
8.117060719113825 -5.05129950362208 52
4.201006122830081 4.413991354592851 37
5.471941068511131 -6.030710180261465 35
-3.233703494379372 -7.797691911982024 90
1.7653918761486427 -9.127009849619743 14
5.339365597190519 -8.557562519741175 38
7.378846723677851 2.49140462088128 40
-9.514710918138965 -7.772550823652569 49
-5.84792267521827 0.16090721838954763 13
2.8777181544466632 -6.679529827287929 87
-4.605420074677895 3.169615858544125 22
-2.3250268108439136 -4.522614712970298 30
-8.079914253752007 -6.072933273575118 28
-0.11630875120072873 -4.021203959658205 71
-6.357072653948442 -6.439684280724254 7
0.09972063798071606 -3.802846036355055 71
5.243697834969931 1.1129950466600875 46
-2.5800650696281817 2.779031864884832 80
-3.643429349612419 -7.621881445882914 61
8.605375811717664 6.177437767434527 56
-9.761306129412255 -7.847600946785692 49
-5.378055975255614 -1.3605887825122012 62
3.486712393122905 5.18218688413909 78
-7.526963447070615 -0.17918489212982858 20
-4.908372552217739 3.190506422535238 22
5.57866226175516 -0.17520964035530365 47
-9.531221063014634 9.511753607257946 5
7.726722926599093 5.610068562499631 99
8.028471047938105 2.7670945850661206 96
6.416274363242965 7.322689737682329 63
-8.191743414067679 -6.083612226426505 28
0.6662755748416872 -5.171025840001825 94
2.1443648472897814 -7.2160753225653425 10
-7.041312907203884 -0.19228388213310343 76
-9.044561625246121 1.9103222320561137 84
8.457628271430943 7.434820078157004 91
-7.146745919630591 -0.1915357951589085 76
2.685161674021264 7.410813470119088 57
-9.969063043417012 0.3202613368846059 64
9.165710341531799 -4.917212527854076 70
-3.525003167934155 -7.869279151959054 61
-3.9781680506427612 0.34878492138814016 23
2.5332565879978985 7.503538213156627 57
0.3723439461286443 4.083800651157208 68
-3.569118695049602 -8.763984342683658 41
-1.6952295597676517 -5.588761002932259 65
0.4742446747149808 4.038980293481005 68
-5.271372725937639 4.599532511888621 79
-3.7465039249373144 -3.5378623508551392 42
2.6665784201534604 0.5724161712833652 81
-3.977977359312767 0.2805645084863025 51
-3.9938658989024733 -2.8157772719222294 11
6.382637549247473 1.147020396708354 93
-5.793221019367179 0.08947998831998236 13
-8.832209075896461 -4.362199726508806 74
-2.8220264503672574 -7.698186533036614 39
-7.54267851559856 4.259337277368854 45
8.244897317836605 -4.8869999075230846 52
9.193723594414125 -4.901060901717166 70
-3.434058870388568 -6.181893562945348 83
0.20982643516618799 -5.427667901401049 86
-2.6066657900754824 9.092994588572568 0
9.46285404310006 5.390192258038504 25
0.01082454511499295 -3.781413349787972 71
-1.7212455424670572 5.155449102009578 53
-2.777705011323019 -7.538461947431616 39
-6.027336581868533 0.23538867480634926 13
3.6562425083775825 -9.721766942598935 85
1.9382513647841748 -9.040261793512384 14
-4.3549512423542645 -9.239882257745455 72
-7.785987106124394 4.414500175608818 45
5.460276170299632 1.2384660695874479 46
2.6902463321880417 0.7863940572540212 81
-9.302461967840749 8.109107063190097 21
-7.65442149833638 -3.106761827908883 66
2.669918523515009 7.4639699742905234 57
8.813643826110308 -3.3906029118731253 67
4.489357227068789 8.079775880382705 98
4.5461874768072565 2.6661649901577835 43
2.9010203489628994 -6.2984443840389845 87
2.2733348977176733 0.10430786768795998 73
8.489180307683338 7.594491150341931 91
3.974392633164027 4.584951855485885 37
-4.183869195004378 -6.785245566106951 55
2.6029549850119675 0.8955877247862516 81
2.259475828560568 0.23825119715083357 73
-7.111632111414234 -0.18304264187170532 76
-3.700760731876713 0.5585205348765584 8
-9.864912904761852 0.283096121288578 64
8.447102245440067 7.58143745579269 91
8.248702701790435 2.6562672657620006 96
-2.6100648109771654 2.6917919337869676 80
-3.1555311568230673 -3.1301089990198308 97
6.403257140363119 7.235380433843178 63
-3.7383781002155514 0.32181312215232516 51
-9.35160781018853 2.713772184083214 50
-9.284659169894214 1.7897488344762413 84
2.278663527607609 -6.648674665137753 15
1.861507230163692 8.506089846462178 27
-6.887337362092681 -6.845994395794282 2
6.547245013323424 -3.0951255826017725 31
-8.067288404404481 -6.218352897438585 28
-2.5873606175917154 2.6908874678733206 80
-9.101722131516556 -3.397879152684589 29
-9.146840913522908 -3.599314736923608 29
-3.6707360943931753 0.34367005798997596 23
-4.53282891247224 0.9906090899094222 32
-7.5211544892234 4.400459530340394 45
-8.11562458304675 6.748595667963256 82
8.184427626135065 -5.204118531844937 75
-8.41636937165142 9.92868039605736 34
-5.978425170059302 0.22241881629017318 13
0.3534461501138648 -1.6146653000155848 48
-4.073421725406861 0.9658791543084274 32
-9.241615067883002 1.8751171419004526 84
-3.6064951179482496 -6.266941208103462 83
7.295828783719391 2.4247748399389115 40
-7.257150575033178 5.9017142441210275 33
-4.0129797003890255 -2.81634934924411 11
3.715751286802938 -1.0494145035130178 19
-8.923007128442851 7.172038193030117 3
3.3146805082504827 5.319638039402365 78
-1.4871880225911898 -4.083631001333684 9
-6.021702866336364 0.3435204889206902 13
6.318539789442248 1.0843812470807492 93
-2.7107627315928147 9.484886780820029 69
4.5788535843897735 8.012322473282632 98
-1.1845542031295755 -4.134919024943065 9
-3.5858519564648015 -8.829641625371266 41
-2.2794799680476037 -4.652306647748317 30
1.8839929258373544 -9.140282705126111 14
-7.182312764636409 6.191934028969798 33
0.7747628209861562 -6.362848391784836 24
0.8021822661635287 -6.119765012904024 24
8.029332105235083 -5.13413683005783 75
4.550927393265549 1.891588655444188 1
3.841199943905317 -2.1605832437280363 88
4.615340024627814 1.897796067504983 1
-9.480004989766423 9.503577248443376 5
4.59928019048322 2.7033836824277513 43
-3.9282121902647402 -3.3819581551443663 42
3.7704361158193826 -2.1078943976602487 88
-3.7316028806340644 0.5889775074778049 23
-8.933557644112923 -4.466404596500507 74
3.8586770743098477 -2.200573480018978 88
8.364404217999166 7.662869746357471 91
-1.4811292678632628 -4.208867319623256 9
-4.306502809738028 -9.082805266557566 72
-8.612711741837229 9.718704864201985 34
8.168192201626557 -5.080917000399822 75
-8.356674718677619 9.791629736378813 34
-6.994739383189561 -0.3135963243898453 76
-3.569155307017175 -7.855208187035892 61
-3.5847589544743403 -6.385466260922169 83
-8.849774078349379 -4.508764282366495 74
-8.666551505045565 8.964696439629897 16
-6.294874636820536 -6.493181390050289 7
7.869856646247264 0.7113065450776818 59
0.43885579778198264 -1.4918677398237499 48
-5.379115752939446 -1.6148666994639198 62
1.7893549015464287 -8.986031535897943 14
6.521700068277536 -2.922515290192682 31
-5.06258542054724 4.457318495604576 79
-6.435031026783984 -6.263950028037856 7
1.9295775891247458 -9.008028861407684 14
-9.28982032951459 8.187667281653821 21
9.18520718611157 -4.845452430381962 70
8.040271893975277 -4.838928372680138 52
-2.7897220050565967 9.380093942503189 69
0.3708660639020791 4.127861127120217 68
9.311415984206496 6.078221525180638 17
8.823210232481742 7.82169835489732 26
2.1488068786323518 -6.577784787923291 15
-2.479890375722882 8.942850986395685 0
-9.302198431793228 -3.5023053886859916 29
6.636166853042931 -2.7891826951234835 31
-3.563560419770528 -6.473803278845344 83
-9.323105592541317 8.226579213785536 21
-8.400488202897126 -6.085897521506758 28
1.933103161373795 8.53464179555777 27
7.632100976612826 5.453505828893047 99
6.50477763223933 -2.8435354750547917 31
5.42491609032009 -0.01466892086509028 47
6.5635173780695055 -2.8870304260815365 31
-9.72607705087966 9.304414539248373 5
2.0851208978521885 -7.258546194245788 10
-8.987136783031898 -4.412399346624438 74
-7.077164189804463 -0.05319946647239182 76
-7.594464254398801 -3.1411485344209056 66
2.687659655718238 7.331374525992853 57
-5.4763089922194546 -8.355500880840452 54
-8.257090642406066 -6.008588526037499 28
-4.360633859077029 -6.7149732597853475 55
-9.85812555176314 0.21792166550089004 64
-4.876032659137674 3.164755150251737 92
2.449273514148853 -7.106876260904048 10
7.213307895104622 2.4227067177691963 40
6.176357101714855 -6.22133907403798 58
8.539461138170566 6.202321202723546 56
-5.251807721787556 4.58866091716946 79
0.9227516023403312 -6.179129258292113 24
-7.929107173403943 7.930356196251016 95
6.198134893369338 7.940309610839351 60
9.08808389061231 -3.5722252156288614 67
-9.24321517852452 8.146285994387059 21
2.661620645789172 0.8595054030401172 81
2.043709609277196 4.03687767804971 4
3.6211095682070082 -9.628894882900703 85
8.229866137447182 -4.992436714330006 75
-4.304832402057923 -9.143421725564536 72
6.053863214398055 8.185064204953603 60
-1.6421678593303217 -5.604071319455898 65
0.5308624841487302 3.960543773829677 68
0.41545754630214493 -5.450293417694976 86
-4.117669399475006 0.5137740641217 8
-5.53214302292754 -8.398808242729714 54
-7.685494001144323 4.140430274128757 45
7.758856645188466 0.6516763777513807 59
-4.996825635562863 3.1568694045869887 92
6.099044511413678 -6.170329723884732 58
-8.15701288395835 7.966058446384506 95
8.945094028836035 7.908114471982261 26
-6.851958111218268 -6.797391268372344 2
-2.2371572422058152 -4.67654359676402 30
-2.2818191367450775 -4.692807153780967 30
7.79215283410117 -0.5223352862323188 44
-3.84169174436715 0.41639980220383704 23
-8.238822942233313 6.5170958386902065 82
-3.124312963535387 -7.767591008396829 90
-3.0560610257958762 -3.130443047048651 97
6.062967325263128 7.991856986410762 60
-1.629566559861049 -5.605718652751742 65
8.590189576608976 6.272737779489991 56
-8.689268543795137 9.037226447610358 16
-2.3226201719382744 9.061669420289501 0
8.223496684926182 -5.127060594144224 52
3.683026643409082 -9.648483460973637 85
8.672043504583737 -7.210000763736394 89
-1.670467101440556 -5.601816896412812 65
-4.741540763752174 3.1503052623674486 92
-9.309778560269738 8.236207870700188 21
8.608748935608467 7.372815689741809 91
9.269238200927353 -5.11592849499244 70
-1.9145543201766009 5.182322613878212 53
0.6846443345903774 -5.128305334401167 94
-7.561136923894693 -0.19671473423837718 20
3.640806558848422 -9.60472624127468 85
6.114266813553738 -6.438857182703067 58
7.724421302873959 5.599068821910623 99
7.69982552551892 -0.5179714474565285 44
6.091239320657472 7.9340269799344 60