5.381156673202495 -5.906784716205797 35
-4.359096429089013 0.806046800998622 32
4.496253585870786 7.842770261590691 98
8.861074828104131 7.940973339701579 26
6.131508497288907 8.092996846484098 60
-3.5775760285642773 0.5359024281717141 23
7.812362287945433 0.8038864605505628 59
-9.774910040540211 0.15663830769442166 64
-7.5537550657745225 4.227834311251288 45
-9.877669560754827 0.2432040466001455 64
6.338169956091284 7.1869303351379745 63
0.2733937524344019 4.2457884345369745 68
-6.980386706092989 -0.05881318925649412 76
-9.305072953973692 8.13864229689913 21
9.340304361465547 -5.044671978560752 70
-3.0730672980882248 -7.708205683775303 90
4.613413152904306 2.245186600599694 1
6.6369311792603085 -3.0219559381172596 31
-5.477828904292378 -1.4393761968883834 62
5.060042782471974 1.182732435293334 46
-8.641312443988832 9.00883576052102 16
-8.886864111418921 7.331710329437335 3
-4.188034859321031 -6.916945704610409 55
-2.7740116026009445 9.276171347692534 69
-9.376094494382688 9.501443569295 5
4.7648778837713515 2.794781794071666 43
9.126595574451871 5.611807152414538 25
-7.612807139121885 4.312599827182211 45
6.6280405909727085 -5.8025178799003605 6
0.5904541359009298 -5.339861772479878 94
-1.6726822627530227 -5.642895836006325 65
1.7969046855071804 -9.17691309778894 14
-6.87380631930667 -6.9944066230590085 2
7.253853399672614 2.577692119709971 40
4.765719947077805 2.7709405054505276 43
0.6990325578700173 -4.886988178099859 94
-4.321479756561132 -9.124773410994527 72
7.863975661653254 2.4324110501516354 96
2.639673307512908 0.6402780409361117 81
-8.213063415148815 -6.098741085252364 28
-9.891199947135227 6.42806789644149 36
-5.432864895002676 -8.20243086965871 54
-4.720646373573872 3.1994440471941656 22
7.695936205296594 -0.3983028204320104 44
-7.01739412794698 -6.973892097267459 2
-8.992538658056676 -3.4461336364934083 29
-4.5394833560048315 -9.36323412338034 72
3.711480459475339 -2.2413683875781367 88
9.320407977023455 5.513299489991481 25
-8.49234190558328 9.78698385841116 34
9.612975949751457 -5.226669066822477 77
-3.8821760598930046 0.16157986061458132 51
-9.842855233505814 0.08526285675573086 64
8.796756963720295 -7.2865421506844985 89
8.43120064311226 7.633026414857895 91
9.464953069218152 6.221837966697687 17
-1.9111013811903574 5.142004841883677 53
-8.7641724830759 -4.533824006693198 74
0.9184047970076941 -6.345598996484201 24
8.589184870108864 7.598095609629348 91
6.066391660176381 -6.219948657896664 58
6.617712004951847 -2.844164697411903 31
9.364803686235689 5.392003876348124 25
6.104474878162098 7.833345727067173 60
7.581638087454694 5.514661214674452 99
-5.341691980580585 -1.5335237363318202 62
-5.322726333694867 -1.3859488964083675 62
1.0165226452617844 -6.295579092770619 24
4.106369053457043 4.602058393586141 37
-5.239958024408504 -1.4441906943666005 62
-7.691441871106553 -3.291442401959782 66
-2.479890375722882 8.942850986395685 0
-8.167491933810686 6.756922414107753 82
9.393085484482466 5.500243958511291 25
-8.410554886556925 9.716339847587795 34
8.295017173989185 -5.21104899289044 75
-4.062064645477032 -2.7304534996924064 11
9.699745707573758 -5.256347500237055 77
3.4421905938241295 -9.709324850238335 85
-2.5932170856624377 2.783482466387885 80
-7.04343317802801 -0.2584351601109917 76
2.8927255937885747 -6.467899727319143 87
2.2026137206517133 -0.09024733325450648 73
-8.199369782072404 -6.251359590882759 28
2.2366946437967083 4.22484345815271 4
2.650579154538929 7.353637287805071 57
9.339686344069172 6.162923151384308 17
1.1191011963601274 -6.190254386534683 24
9.753990947904866 -5.183020335231846 77
-9.207214770251678 2.8291899342098716 50
7.766700033382528 -0.4509916664997982 44
-8.284641867642504 -6.040429140181889 28
-2.9587158689816366 -7.595373076669391 39
-9.820988594200921 0.14981036217213262 64
-5.4619494642663 -8.480759839434377 54
-7.173287101577205 6.15048765258733 33
-2.6460217295097808 -7.789627286130021 39
0.4867923091849089 -1.4069875574054793 48
-2.5337364346530373 8.938912511762572 0
-4.737439775989095 3.3860094729601355 22
-9.279536840319215 8.164497988694757 21
1.9985270824504526 -9.063582267558068 14
-7.429996268203003 -3.287660190488901 66
-9.298869789636788 1.828714834342489 84
-4.270882185139045 -9.287496403121974 72
7.912647620672318 -0.6015899230479077 44
7.726992121532449 -0.4673355030123464 44
-7.0617295491418774 -0.2133643550878309 76
-1.5228046616161457 -5.4905256554583985 65
3.6933195089904274 -1.212517848747181 19
8.96060033083153 -3.476688664664777 67
-8.098898158889126 7.933992983773284 95
-3.3823997568560733 -8.84466946319878 41
-3.7743905286947386 -3.5610272372356166 42
7.758204569425998 5.602599687338079 99
2.322823856767792 -7.226116639955506 10
8.396706692117128 7.408825251140725 91
-5.24919108074078 4.534008993953764 79
3.6545418572798147 -9.55557290776012 85
-8.20375629278954 7.913942556188867 95
3.5165919962063223 5.293929054975656 78
5.438703901133602 -8.58911904681211 38
8.76594629146797 7.859064927798015 26
-3.897791385989664 -7.971419007535143 18
4.517187539431348 7.915916116130716 98
-4.901779287910019 3.1259802167484985 22
-9.811859894212361 0.28843383015629726 64
-8.74292758028669 7.388662040629283 3
-8.226109992478497 6.626447326104411 82
7.751914114828545 5.752412932301995 99
-4.783056877677292 3.438125268335447 22
-0.8074388278503916 5.591055018676486 12
7.829835682706536 0.9359174519980092 59
-9.737129082232823 0.21707320922492168 64
-3.152356117301865 -3.122994231050798 97
8.6789212467372 8.071774052895337 26
-6.446400156950195 -6.38792790695102 7
-3.5212032802500977 0.414282541753739 23
-9.44418278517734 9.254610828121942 5
-3.648614159123323 -3.4765735989958193 42
8.24937972198353 -5.154088829840414 75
-7.681182484634568 -3.182868528543055 66
-4.332371239342202 -9.418580133779011 72
-8.352323669115048 6.795553743192372 82
7.946595953723174 2.6304218598626545 96
5.4861965846905685 -8.500446053002557 38
6.8621561534740625 -5.948426566386727 6
-5.352617362066642 4.457546680079272 79
8.557296527914001 -7.123388967008736 89
2.212313708033109 -6.513766755249439 15
1.8875652071674265 8.296638570825978 27
-0.008386883908937465 -3.9859979518943556 71
6.807454497622971 -5.876999336317162 6
-1.821836507116609 5.235796978128347 53
-8.18556673123648 8.031754077137807 95
8.772309814124908 -7.252507398448633 89
-5.167254929957801 4.402695911393533 79
5.35696670302164 0.0673150626744935 47
-9.18777754640033 -3.628561845296346 29
0.5107695738819091 -5.050851115258519 94
-9.069851248357852 -3.3951242863401614 29
2.6094173061273658 0.7117900017903288 81
-6.031420771680713 0.3818458633676681 13
-8.978389114124784 -4.381833535642797 74
-5.400658098988476 -8.615991368044503 54
1.6415471672368622 -9.079903749551324 14
-9.613566929223268 9.2734187250434 5
-6.822538140081954 -6.766553029257887 2
4.275362776056096 4.6450143495787115 37
-3.5975243972745137 -6.261944603707038 83
6.317992519893257 0.9036299955485717 93
-5.00227239289009 3.4000501182285587 22
0.9111121338447251 -6.233290253008117 24
9.725647040166656 -4.965001669864163 77
-9.294042952189782 8.211230100205675 21
-9.91381905755116 0.27358245342682486 64
4.799649654023807 2.682230645295306 43
-2.844399635985149 9.14841543309105 69
-6.38526877618071 -6.222032117732605 7
-9.187820167969168 1.7970471780375827 84
-4.868829694007273 3.2881757363841255 22
0.56520918093568 -1.33047660227297 48
-9.94131878743157 6.331607364260572 36
-4.2469484964304725 -2.6235712169755154 11
4.257797773603179 4.498449793721023 37
-4.241274686350128 -9.056511505938175 72
4.566385913018946 2.584291019716504 43
-2.983237946207021 -7.75180961648553 39
1.6779531333053344 -9.076546515489706 14
2.7217261145655103 7.339365005575252 57
8.173720891928324 -4.877741374025116 52
-5.240243903840688 4.680514802498011 79
-4.2330202954510066 -2.6577237554785453 11
-3.565720963361792 -7.769032251405815 61
-6.159935773906368 0.41245645046208346 13
5.253894517561104 1.2685481161090322 46
-3.6055117244480526 -6.368347744718033 83
5.180835758897163 1.1906181809580823 46
6.55070195090364 -5.70700743900815 6
-3.7377816155797983 0.2888115188263786 23
-9.461618999165289 9.327430096678007 5
2.235206580848351 -7.2389886508511765 10
-3.238239108399179 -7.593085765871137 90
-5.149729357173763 4.614436389231176 79
7.963036302364307 2.807275898912434 96
2.520122177814794 0.7914992778641303 81
-8.041404895422898 8.067928231247155 95
-9.043688319742328 -3.5659677660500595 29
6.612769968139185 -2.8038748915998317 31
4.641179025415892 2.1185230916564635 1
-6.4224371315524085 -6.246949593229221 7
-1.7879603920894953 5.096322570698125 53
-3.3063704871534556 -2.903265029305305 97
-8.57130117904706 9.68219102009432 34
-5.488964444674151 -8.582795830100366 54
-3.8374714646650356 -3.439075281329443 42
5.208540846396542 1.221821727738941 46
-2.111526873581792 -4.643337007034671 30
6.655833024507437 -5.791749146120653 6
-9.076777545341532 -3.568931677970045 29
2.3786164572196915 0.16158527114869506 73
-2.8272464963329496 9.465820844401161 69
3.620824781011741 -2.1905020483774984 88
-3.6753982941548227 -3.549857080621116 42
4.0261630290243176 -2.3572315331478944 88
3.6817212611334647 -9.834492620246445 85
2.1732386882388743 0.3728912213617163 73
5.189796757755879 1.2059089664814273 46
6.079106530472001 -6.21562954684361 58
2.1396642330596833 -6.611614486207492 15
-2.668943594427931 2.56179195233997 80
7.714492099958014 0.7643682981237456 59
5.465187688018277 -6.177260780816275 35
-3.5135772582396276 -6.246308178876565 83
3.7682297414496517 -1.3099208106737348 19
-8.272531736229336 7.862389373094384 95
-9.239369659678818 1.827143353878948 84
-3.843865370654849 -8.212709726099218 18
-1.6656255354227976 -5.6802736142143315 65
-5.321255358366724 -1.5235336553720138 62
-4.908685273194326 3.1852290536120282 92
7.731403009287441 5.43319203603706 99
-6.327799107261483 -6.401200762457389 7
2.097871276191522 -6.668804809480404 15
-3.606884298746091 -6.334630050085261 83
2.6788381905113448 0.5697385315486769 81
4.401032295873904 8.05363736851843 98
7.809487139367873 -0.7133407124594386 44
-9.065937232935148 -4.384710808708425 74
5.369514748991755 -8.48138577781174 38
8.04103561972684 2.6920765814264422 96
4.56296115128576 7.944166864820942 98
8.15621548555443 -5.010096247902112 52
-9.88582650199454 0.3756806091533148 64
6.012490317766362 -6.2872959525778285 58
4.632168665286691 2.0072848814223962 1
-6.828123664430404 -6.828730998184726 2
-2.7656653113186813 -7.692536395875344 39
-7.442457096938443 -0.07101971344447498 20
-7.755258284783353 -3.121438161584723 66
-4.241079213513714 -2.7327023986705683 11
8.297029226067062 -5.22056903935966 75
-5.001923432133785 3.1234084428269586 92
-3.1984068210255625 -7.74565690355357 90
-4.857474142091264 3.125190656202935 92
5.966930171674753 -6.299121292714751 58
0.9082464517292325 -6.453225184801269 24
0.07351734676352498 -5.55067150269086 86
7.759062651739387 5.621906236943326 99
6.480509863608183 0.9731341920773358 93
-3.5675332333686107 -6.225435727045974 83
-9.435312461034266 2.5958992459348584 50
9.398214755738175 -4.991466443596973 70
9.25564497056471 -4.912760161722307 70
2.6276639927661685 0.6462515835077844 81
1.9430481610209056 4.149977911774219 4
0.326927492688695 3.948417434574655 68
6.513142161091114 7.265395240755829 63
2.123391868313602 -6.819709642727728 15
-4.27547212730048 -6.781151162685682 55
-8.36496850117218 -6.006016342214824 28
-8.711759899442486 8.882156701006624 16
-3.760205986982911 0.5107795754033111 23
6.295943495411847 7.3073956779349905 63
-5.228290958492132 4.664431581493906 79
-4.015756878959216 0.37370977136598404 8
8.755710071875749 7.859402921953396 26
6.267529769045588 1.0100259218783605 93
-8.621259328560814 9.775979706628751 34
8.02694315498273 -5.083445936802091 52
-8.60686189996866 7.136796396239529 3
5.45034530208999 -8.361361637341846 38
-2.39333806515201 8.93221789636315 0
-9.63686441494059 6.2561416918046495 36
8.841175615997892 -3.581264164517623 67
8.410332509541131 6.213206723979593 56
4.243814345911258 4.697072919864314 37
9.247576404579004 6.119234423952752 17
2.239508911873484 -7.160322957834618 10
-8.76970173759856 7.162251328379738 3
-9.68100316124176 9.392244507633706 5
8.801769318384647 -3.5174862292651916 67
8.566381944256056 7.598404896331115 91
0.5185296098428 -1.5634801241020562 48
-7.530454517543566 -3.2849798871366174 66
-9.740247110679352 9.34977363595326 5
-0.13778890421716206 -3.9738194153599697 71
-4.775242878853647 3.293437934446236 92
-1.7713682432279385 -5.51338352376338 65
-6.968012934771384 -6.864737082681394 2
-3.717677555038109 0.4237488259841294 23
-3.338345368312719 -2.8515412124211856 97
8.632810907304556 6.411707543031619 56
3.7376409480346657 -1.052793263142183 19
3.8019403801908407 -2.3125021317589645 88
-1.864182265844326 5.200515208555418 53
-9.054628946217793 -3.663651745158497 29
-7.644359175374279 4.152928754997284 45
-9.29552342728664 2.756327367672546 50
8.065387496103584 -5.2592396787833735 75
-5.576009378114136 -1.5550056313259393 62
-4.255734193695033 0.7644609329430194 32
-6.858217816738249 -7.004683471147145 2
-1.6959536276079152 5.332075071020109 53
-5.8514091592805535 0.29625623170151844 13
5.581959336642348 -8.525681991425492 38
-1.7098322820048923 -5.498985950143334 65
-1.0106236363613448 5.886665104445708 12
0.593032273611949 -5.163884214104828 94
8.416584598788896 7.587492296332072 91
2.7463681929821475 -6.625348166791151 87
-2.6399771009776907 2.8156217159146646 80
2.7766646867916274 7.4766816270423515 57
3.389114603606167 5.3131980864024655 78
-1.5952289724612658 -5.733920066500977 65
8.776374189908154 -3.5362788053259906 67
-2.8548090349001805 -7.647413269845976 39
-5.800449564344607 0.46022285251655304 13
-7.148564287905377 -0.19082882886145533 76
-9.460088202273615 8.300783445896336 21
2.9595477529831213 -6.542219451703087 87
-7.530257817414782 0.1110782820899476 20
0.5602220954688375 -5.147435113605068 94
-3.9739869924271716 -7.989497853013006 18
3.739976386858496 -2.3273778338143636 88
2.59634715664809 0.5834914303730994 81
7.194429287305944 2.6460565798422397 40
4.687202598685456 1.9658867926750447 1
-1.26358765381591 -4.190122934189375 9
-7.233244345514784 6.184874359099354 33
-9.440231320783088 2.9534518058100394 50
4.120435068920658 4.59481472946308 37
8.688068729056685 -7.260175952510549 89
3.3491670779131124 5.3409905181918536 78
-3.303459487081933 -8.68628723810103 41
-2.658082197077705 2.741404066591883 80
-4.070478860320903 -8.041749225206184 18
-1.0499137685683684 5.838906465276814 12
3.49402152793518 5.2064376388159594 78
4.521360166685993 7.996917110569064 98
-2.709744913927678 2.463053322185943 80
-9.087551448852048 1.8605782999520053 84
-9.912436848090858 9.295758279106456 5
-2.4272430738651547 2.6285280306283556 80
6.425156263688049 1.0066616120188001 93
-8.885520943214953 7.43241797519544 3
-3.96540174958942 -7.9710185972897465 18
5.361659828622725 -5.978544813677911 35
5.183537467216211 1.4332187497460092 46
0.6179997408699912 -1.5638141721308767 48
-4.367786530363102 -9.342180253574371 72
-9.16851152970498 1.7150913496722409 84
2.3060722936187013 -7.250244834147747 10
3.651345468649947 -9.735305442350542 85
-7.746314495207009 -0.13161314617872716 20
-0.012148232119232799 -3.9131232429382927 71
8.883546670598529 8.02370251805239 26
-3.8647389602376387 0.38878173154625145 23
-8.265045275602882 6.554678472523477 82
-3.423176637739741 -6.179945860416362 83
-4.354151922532847 0.7262468055829387 32
5.473481925005638 -5.99224069031785 35
9.225078836152711 6.029666989232788 17
-6.365590815254403 -6.320177064600445 7
6.567733611892724 -3.031029559479813 31
7.867237367904543 0.7871494403283554 59
1.9057272741697984 8.542385623046023 27
5.628181069569293 -0.1380470355277025 47
-2.7876291584502986 9.482519080026716 69
-3.3747800556275926 -2.9340195419442794 97
-7.530945210169132 3.9800414823968917 45
-2.3122899842284808 -4.502988376581183 30
-1.3198064817301227 -4.231789651319559 9
-5.256266608759907 -8.51576062759494 54
4.53278958642199 2.0214169254650507 1
2.6762580660632262 7.419322838435241 57
-3.126560736156896 -7.666008016593213 90
6.567306840128584 -2.802866256373146 31
-1.8596906017117931 5.138922187083353 53
6.765169191223932 -5.752194480332518 6
-7.6079959255116725 -0.1397176165565584 20
-9.157936079558807 -3.4907842797136293 29
8.86703476687957 -3.388188351479369 67
-9.156606002088434 -3.634059494419535 29
-0.02567408893562717 -4.118091984126948 71
-9.938501601779775 6.413644656803589 36
-4.748701506335126 3.158229154661878 22
6.668758785565783 -5.813239474150357 6
0.3675443662830525 4.048204427065228 68
-1.532116788359855 -5.618822081017333 65
8.573913318094025 7.622216200600976 91
-5.308477334976261 -1.4022212265348082 62
2.6708932459453827 7.428299904089935 57
3.4319235536700012 -9.576328004081878 85
6.2684602534476985 7.905973041167166 60
9.226298009652071 -4.927617532811099 70
3.565726009774687 -2.293893496177263 88
9.780266452332288 -4.9689063762804695 77
4.156256783754333 4.584787015635362 37
-8.004085530336534 6.699983830403298 82
0.1609008139934554 -5.427678391594832 86
-8.480070262013802 9.983268746001436 34
5.492607606812778 -0.13215973072304338 47
3.928850725549177 -2.0694583285671926 88
7.27487895900295 2.39785737080367 40
0.5642710654607833 4.214703530730775 68
6.0009119464038365 7.940161990447779 60
0.46969847815423926 -1.4126835325823852 48
-9.197350920048615 1.6296739592150729 84
8.18475614949081 -5.244078815941621 75
6.427391488217493 1.0846336181119667 93
-9.232989004414264 2.7845991372808445 50
-1.8758762446133819 5.325537683638312 53
7.258052722447436 2.3228850263393537 40
-0.9236068628072049 5.765804221095022 12
-8.609401203079791 9.660958975499932 34
0.8052094968914876 -6.432418766695821 24
-3.4928134678133618 -7.819893877161651 61
9.2534012690673 6.08154788536124 17
-9.543928171269329 9.47566044858282 5
0.11842627879762781 -5.5293309219565305 86
-9.807509439408216 6.359955972207412 36
-4.3999969706685205 0.8099485573375522 32
1.8866979221347806 -9.074261220409454 14
7.992030105168692 -4.970107943226461 52
9.172783904109274 6.224243885998279 17
6.365996630939569 7.241470893013193 63
-8.228306565655071 -6.045584581080928 28
-3.4787371172599375 -8.733604129893726 41
2.226181879601904 -7.169951614749269 10
2.072798962762221 4.248027075337921 4
-3.606459815547841 0.3502388559130977 23
-9.508924647546484 -7.840613555375764 49
-2.730159442919184 9.612866814086189 69
-6.103016702890816 0.35329391427207646 13
5.5327701087048915 -8.621758495259298 38
0.47476649231137835 -1.3441141932282465 48
3.690533766852082 -9.693248072902772 85
-9.245740906368766 1.854009216285447 84
-2.2840179888341368 -4.560818383057546 30
-2.412860010128318 9.055564220891972 0
8.008413939152268 2.7221498203582706 96
-3.115493000283959 -3.023384936400328 97
-3.700492054536409 -7.616360538091771 61
7.89190888649912 -0.4176923613462685 44
-8.266511180182995 -6.086037313989202 28
-3.1817632264162343 -3.1060136631825332 97
-9.510373532941674 2.563668350579919 50
-5.390948666946105 -8.377048907263248 54
5.599645906066153 -5.846098602006999 35
9.764399867177906 -5.140936391576031 77
-0.1622437833508508 -4.274568852014068 71
0.5271574091915355 4.123460346359034 68
-2.4803408926777966 2.7203293609787784 80
2.198072230650677 0.13885783208945215 73
4.644407115564831 2.693779426710405 43
1.8420234675135325 -8.97547751354992 14
7.706324414208243 5.540150739862787 99
-6.308790917740984 -6.352129068174713 7
-7.614787468187122 -3.205743327536738 66
-9.601244973807617 -7.98617654839334 49
5.42720711812283 -0.3239081411653959 47
0.21105773756704588 -5.392118442814307 86
-3.846959843679749 0.4641019569854117 8
2.8775762019222872 -6.352806702849699 87
-4.151095342480002 -6.867641614227848 55
-3.427270134871924 -8.971220926942422 41
9.366194833549086 5.65305576608056 25
-8.381826359709658 7.930887242847903 95
-3.5097563716228426 -7.642810389773779 61
-7.657878467915588 -2.991876643360616 66
4.262880211525257 7.923102422791525 98
9.328372366804405 -5.089783025809642 70
1.97480570374808 4.096118632663537 4
3.6306361089008705 -9.843096618766696 85
0.541663360708757 -1.3996114440317473 48
6.323800045495572 7.130690698392966 63
3.2254439935161683 5.317134474289393 78
6.042492788442235 1.1224011864646166 93
-7.439113910888029 -0.13726933507675143 20
-5.888594638426423 0.2914406164132434 13
-4.38526532163805 0.9220717329022322 32
7.281720634482018 2.5368629123100095 40
-4.301110741683107 -9.335061347032259 72
-2.289150911989136 -4.391774508722389 30
-3.5404297852955886 -8.652791528665096 41
0.3899010595584428 3.883535241347271 68
9.800138811957739 -5.293492537794666 77
6.350437267050951 1.1317539257850662 93
-8.968003029332937 -4.285848659726228 74
-3.5942575137937096 -6.26774482970843 83
2.2594671426286315 -7.208863546880983 10
1.8849512018505346 -9.164979724232781 14
4.595227341021399 2.0588095633730794 1
-4.7589638023642555 3.2448872199885948 22
3.5378563626985944 -9.5871625941269 85
-9.229195996041208 8.100799658984755 21
-9.279541644922404 -3.621351081408283 29
4.653475364034322 2.648870170584422 43
7.9531322294322155 -5.269544385369995 75
6.079888979463303 -6.466145478914671 58
-8.859612772320167 8.998057108653388 16
5.952472063698179 -6.208605949279663 58
-7.763047756622209 -0.19727042886633672 20
-8.513933497369827 9.805220681227006 34
-1.5059080613074176 -4.316163573476817 9
5.544911596611398 -8.67142565579657 38
-7.519790088866594 -0.13856024585662258 20
-3.6404180220281557 -3.403870191173782 42
5.318729317741133 1.2494228672925765 46
8.999034109436394 -7.39987814991965 89
3.479439679457706 5.416210674253863 78
8.715262816849378 6.176579282652329 56
8.069938258243722 2.782417589182241 96
-4.287481425654785 0.8023171903432323 32
8.606283637569858 7.641539713831905 91
-8.242510704080178 6.720729212983315 82
-5.257694042005753 4.547444799918191 79
-2.6320168649364875 2.7012651494756357 80
7.724143044859139 5.763657933725279 99
-2.786683984109214 -7.732824231932667 39
0.6406473440557512 -5.112407166074304 94
-7.023558285931676 5.991653612365468 33
-6.828122422520665 -6.494836444210474 2
3.4759089811744732 5.251442274552257 78
6.2558143990477575 7.017976006189267 63
-3.424199679236172 -7.859533001746799 61
-6.940564989228594 -0.24317684136987325 76
8.429724206048961 7.589979322087013 91
8.163559228825088 -4.959825614118862 52
-9.278379936946191 8.144879250185562 21
9.006521872814929 -4.875949543856612 70
-8.912461657678856 -4.394491083609554 74
-1.4847894865892795 -5.5183766376030965 65
-8.284125926992546 -6.158173224157327 28
7.946135383343688 0.6383550414680237 59
8.847204799811907 -7.254720489438983 89
3.4374960802304084 -1.2766396507550208 19
2.784063307549092 -6.4983771104238 87
-8.210217878468498 6.7731839194298065 82
-3.269246209081092 -7.795906209053101 90
6.658142398493479 -2.8190154582053704 31
-8.915610278089767 7.299841054824702 3
-9.632314562753649 9.411271100968495 5
-4.122931431717921 -2.4851460502045772 11
6.676952002781939 -5.815487738416536 6
-3.8118431921305 0.2654909420928779 51
-1.4082034577195175 -4.152212202303398 9
9.74807209213937 -5.109975856755225 77
-6.124850208099383 0.08076555049622247 13
2.894619512268464 -6.549672522888383 87
-3.3922404003926996 -7.416754721822219 90
8.60730713732969 6.147160607650285 56
-0.8780759456874623 5.708217287236747 12
4.667547916161103 2.0558880088443345 1
-4.069874965623569 -2.654428933552331 11
-0.8900543001845423 5.827300859057619 12
5.36577695140138 1.3105661256012744 46
-9.590756700063727 -8.057510471494282 49
-4.722276108549424 3.2705113054036863 92
9.31749282428567 6.084851950688117 17
-8.172884936088066 6.630852978610878 82
4.174014207839633 4.540809479587011 37
-7.995669830272021 8.036936699290694 95
-3.6578751685710107 0.07457937780769276 51
6.3910359882307715 7.296185386380797 63
8.927832822996056 -3.4404108387278445 67
4.140021359245825 4.707988547080477 37
-3.811739489188558 0.0610548915724792 51
2.052324433395212 -6.5391128747023854 15
-3.1193173067667437 -8.024568438654647 90
9.24680916940738 -5.0390752514075 70
-1.4433216667143283 -4.15104847488997 9
-3.85274315910403 0.5579631835711852 8
-7.737583228806057 4.380978423197751 45
-4.1491382504724665 -6.767973715778671 55
7.866046715519768 0.75313624120121 59
0.6949981461637091 -1.4549415125323664 48
-3.9350249411832623 0.5543154555022777 23
8.16385192878665 -5.057095971135026 52
2.9731512486400713 -6.546053368875771 87
-6.951625688142822 6.00765575903683 33
2.2795976573126526 0.04579674487595 73
-5.030528912392266 3.221010291420874 92
9.776481229068192 -5.047924585574369 77
-3.157183464621646 -3.1296918195248593 97
-8.763625428718662 8.869555944705226 16
9.823717149140712 -5.170932686165351 77
8.753882214701875 8.0124799888894 26
-6.235734166279145 -6.391066941814906 7
0.48492013416378493 -1.5246072178309436 48
-3.4041359203299826 -8.726144410380074 41
1.819785976198415 4.180096987397851 4
-9.83049217445872 6.420098927154973 36
-7.663145596618508 4.197733407666094 45
-0.98536235859754 5.689281279358143 12
-5.367138382249023 -8.297562141111287 54
-1.3300088705978848 -4.027881574344206 9
5.510976366561469 -0.08943922512238586 47
6.66020455053356 -5.687004718982372 6
3.6194769194629215 -1.1922102580763316 19
-3.8576328977701486 -8.144313244352176 18
-9.076664327814902 -4.384240005547006 74
9.40525841624435 6.358888626376235 17
-6.288771295345661 -6.270872776387977 7
8.484721770384203 6.130766746318859 56
2.601266084844165 7.528416038708008 57
-7.226065752644824 6.189278062792566 33
9.161147640166567 -5.0470421188967025 70
0.3383463292953658 -5.3085262136864175 86
-2.2299530552600557 -4.395939300958531 30
-7.315960551608175 5.952074420432376 33
8.649227661812 7.818765339793888 26
8.7615124688592 -7.283900344629876 89
3.4407167699970556 -9.68973552447175 85
-6.273540668314663 -6.3011798508436625 7
5.530161880764973 -0.22807866542473823 47
-3.231699672770301 -8.64109676522196 41
-9.249119899889102 1.995389953025788 84
6.502036465456102 -2.8896853296833647 31
6.565916031443893 7.104290828554698 63
-0.21654306374284105 -3.8659598682188903 71
-8.77460321482284 8.835485374106899 16
4.001161262854351 4.654768717422469 37
7.253094948083148 2.6099742580961056 40
-2.5772000952105993 9.037511497914421 0
3.7423677429611915 -1.2172546638122723 19
-3.6005849130018035 -3.4322492733383583 42
-1.336602970046813 -4.226111513576274 9
7.719408259838866 5.746497261012685 99
3.7852898111645814 -1.254639312160288 19
-3.799344053459239 0.5742949020410508 8
0.6755213935868927 -5.249667203562057 94
-3.8326135059104427 0.5764795962448211 8
8.82588600084963 6.201739375227777 56
3.6780525503784056 -1.3180517451842186 19
-8.111408408942053 7.886039293305376 95
6.414124926354824 7.3218623988578475 63
2.1401940020333106 -6.693041758496108 15
-4.0119926685161325 -2.5768360515176454 11
4.589688107535182 2.965376462965449 43
3.6957998026040784 -2.2156231516655995 88
6.4079858070452405 0.9800903925038997 93
2.7025116662598125 0.8495387260974845 81
5.400275359014886 -0.10234478539421285 47
-7.2200065372915185 -0.09217685560258287 76
8.091192714126738 -4.982177223608247 52
-0.15661206405012978 -3.97626581867981 71
-8.534471368944281 8.952807141111029 16
7.621678285226297 -0.7021389847819957 44
-8.869854681100044 7.39941983754803 3
-7.5254750368969034 -0.13764949438684304 20
2.8598172191363407 -6.523632400292754 87
8.843178407228624 -7.239782801733045 89
-7.192472744248551 -0.17850886627657897 76
-2.155679012664812 -4.629266042111509 30
-9.288668121884776 8.26349456096434 21
-6.8623090985661515 -6.841577855303063 2
-9.273239737566156 2.695725086924746 50
8.081130309741184 -5.080445508777595 52
-4.4043445059817845 -6.738168597935155 55
1.902270594158598 4.128001432336814 4
4.20169529506645 4.796468833150293 37
-9.50662302382135 -7.829613814786756 49
5.415877380480219 -8.491204812741158 38
-4.074665144644724 -7.992221700634328 18
-7.472122832761254 -0.1290641509913804 20
-3.297975148048144 -8.794095392209766 41
-9.003902508210867 -4.46743556159197 74
-1.810870305175177 5.098040700887631 53
-5.504404146964524 -8.296490122879733 54
-1.97044575238348 -4.582625354494548 30
-8.353937077123176 9.637903327936467 34
-8.530253976787153 9.065874720761611 16
-3.361201222152261 -8.933006481121955 41
-3.7024602680782785 0.16515451050410407 51
-8.831899754726464 7.215748437705773 3
-8.512455615143262 9.761160205263998 34
-2.695091180995642 9.420881395789348 69
5.380763572263861 -8.49969796602836 38
-3.694890963358118 0.3106140519285162 51
-9.229289019577283 7.9652945106748545 21
6.630729227831693 -2.756855393572752 31
-3.905455544309974 0.5546443351884486 8
-9.03477995823196 -4.324074633509655 74
-2.975486819156172 -7.902499405159414 39
8.744025166837034 -3.5553073055128674 67
-9.83007408811629 0.3851675460148393 64
0.5235402540112234 -5.203882425802277 94
-4.371697728558287 0.8076941342944655 32
6.524495122175403 1.2279108672831907 93
2.529962468850711 0.7071831242323006 81
-9.311940852098786 2.813549781153639 50
8.7654048286851 -7.288745973822314 89
-3.1841623790564584 -7.701974167702453 90
9.411501031367958 5.488220426029897 25
6.212462292884022 -6.212817791644097 58
1.7498066354333301 8.60713033729134 27
-8.989139401500669 -4.328497715699784 74
6.3654099455517805 1.0548526134260423 93
-3.931619421219228 -8.137314086076481 18
5.492106553454919 -0.1188934841314552 47
4.526981766399835 2.702760843698831 43
-8.210565433451842 -6.1781800293785984 28
-2.628327972773015 9.079941489061705 0
-4.351464464668851 -9.357593913735217 72
-1.7289638511941965 5.152402680606123 53
-8.391080059448885 9.089668236210123 16
-3.8817523663604385 -8.136989382382762 18
-8.911364419807724 7.3451687744569005 3
-8.218727194095406 -6.065312575470908 28
1.9791013229419643 8.427813389275295 27
-9.821368508565321 6.493899301670285 36
9.322630288551466 -4.992486839204538 70
-9.089183505513397 1.8465712802850192 84
1.8498932434617126 8.499078261156761 27
5.519144610077186 -0.4137136105315541 47
-9.621356857752673 2.9573024825346828 50
-9.43187745813311 -7.772054185902821 49
-4.841046898160665 3.1179720575767607 92
-3.5721379134287954 -7.847752650261035 61
-3.941788783544481 -2.749497890414971 11
1.7178444271903646 -9.004024490717041 14
-9.831164838995356 6.273299360017976 36
-4.037713703040868 -6.733672353983307 55
-4.776502385425022 3.2838118976083353 22
-7.1412783730799205 -0.30318581289858954 76
3.38917812952218 5.223338978343935 78
-2.835244030750097 -7.658284864565137 39
-3.8827385055604013 0.4821143272079888 8
-5.973292955634847 0.2098401146165772 13
5.315327654282663 1.1761682930737938 46
7.326340793498625 2.5988777895644013 40
7.617817777736956 5.450758390577232 99
-4.08220404247731 -6.896538356789032 55
3.513656129831476 5.188843669517366 78
-2.6367939817247765 2.4859200306818723 80
-2.1771224161222706 -4.554535752152595 30
-3.2522660266008843 -2.955489764638548 97
-8.111688510981823 7.963674150203288 95
2.246825504302473 -7.28742376534471 10
7.296341052149641 2.511637858466537 40
-8.233913429204094 -5.970012563415444 28
5.979507998600415 -6.283007577851445 58
-1.4329440492829288 -4.196761911210346 9
-7.616094369993635 -3.246227752454521 66
-1.6277046190755633 -5.2976754791673555 65
9.388417228269573 5.448313990108915 25
9.09269131315357 -5.017259351227346 70
8.759973740884147 -7.202811799903592 89
2.2211619704345056 -0.021598640432288235 73
-8.851686369843739 -4.16811435106591 74
0.1944772312785284 -5.471529723129069 86
4.7603751195660795 8.020665627841344 98
7.136914575092827 2.6103389969584843 40
3.5986191937147423 -1.2354056796309556 19
2.288992545871707 -7.056848895658905 10
2.026857418854557 4.096291521160327 4
-0.034972962429195814 -3.8675700687217356 71
6.592520283131914 -2.998467901999224 31
8.737526804655806 7.945484464675767 26
-5.583477815835351 -1.3077108622793254 62
-2.4831095198160713 2.777608057229994 80
3.0207682719476616 -6.475707200680361 87
-9.425068983690787 9.255182905443823 5
-7.073773771020924 -0.236835291819147 76
-3.93812673597387 -2.7535929626616813 11
-4.378477968639339 0.8568972771145443 32
-3.7846072600938125 0.49722901680803316 8
-1.3535191713383126 -4.243133367190373 9
7.957547123501877 2.647251113583612 96
-4.369496601726618 -2.725338636294242 11
0.4979158044198577 4.118588948250418 68
3.076707308137507 -6.289541405280907 87
4.617532557695516 2.0445697333499413 1
-0.03738572662456758 -4.019136587572939 71
-8.374518566537429 6.547636317484211 82
5.51074981320043 -5.824665915439917 35
-5.545987847429361 -1.4041789522221455 62
-3.7771206148558583 -7.960317649234139 61
8.936030185867049 -3.5910599312177487 67
3.580156599773635 -9.642211237565755 85
-5.47356473304538 -1.482927529120379 62
7.319045245535091 2.51073339255289 40
0.54060272732667 -5.147718694787594 94
-4.424759428995617 0.8230044508181058 32
6.14727211836395 7.979755148429972 60
3.8825598721933954 -2.2152086264948063 88
9.012405073507173 -3.3353320707689833 67
-0.8665707524880907 5.7549631112661475 12
-9.3321669587956 -7.926867594965744 49
-5.482204781562415 -8.561877476493427 54
-7.580224180751155 -3.154437488740132 66
0.37289204059758085 -5.330516114962245 86
8.141424509416105 -5.245444627842021 75
-8.052854847665218 7.930577980226594 95
8.862146037688106 7.783641831431252 26
2.239759961327384 -0.03105520092185715 73
-2.5981490660153024 8.932705099701778 0
9.208916046058542 6.148913094520861 17
-1.5764457749139669 -5.519727952097117 65
-7.558712062605692 4.29096312104229 45
-8.572761124829716 9.684639036510164 34
2.3473695513204054 -6.585991171056997 15
-3.693438608309568 -6.128536554028288 83
3.4203643498803866 5.197460626962531 78
6.094178658456001 7.961006399010118 60
7.9533074583174495 2.5399579028739434 96
8.515354100800666 6.029284295932562 56
-4.489415460293211 0.9592369484982601 32
-7.0022714683607425 -0.2541068257205441 76
-8.69976540442607 9.125705158955668 16
-4.290923080851168 -9.099793207062389 72
9.320377492255949 6.081818542196395 17
9.334326354603148 5.447970573098252 25
2.080924487229508 -6.568119535180748 15
-3.788276837360134 0.1433463156073789 51
-3.706837774428714 -7.694971040706857 61
-5.420628343341628 -8.537399126530005 54
-6.282214443974092 -6.268946918738963 7
-3.8050713039388158 -3.564531984264839 42
-5.941986761874291 0.42155192402546743 13
1.9561215883873369 4.246694889400532 4
-3.996977209132593 0.7043673602133033 8
8.492001489926666 7.50793522231073 91
8.064663462805111 -5.094774330547647 75
7.734168667193621 0.606646794555012 59
0.632253163838006 -5.2138505445617165 94
-3.9840505321868385 -8.227045929938773 18
7.7898397034454625 0.7565978696642012 59
-8.909858127562007 7.391482690392171 3
-3.710531234325397 -3.4569850209228843 42
8.017226902362752 2.6817607162059187 96
6.1607611401226645 7.824519104381708 60
-9.521373815454096 -7.704600778802749 49
5.586945810732133 -6.0827609986915 35
5.480620989597478 -0.22942962902955077 47
-2.426991607053301 9.203965426463716 0
-3.3094662524907728 -2.951969315185944 97
1.821350693796394 -8.999237520020449 14
8.559462443224232 7.566260687091496 91
0.9096312804569985 -6.330183246464226 24
7.681698581375578 -0.5161211434172728 44
-9.057926384818252 1.7312413789433867 84
0.9006271169365802 -6.13600873696052 24
2.6083292790444492 0.7349544270188942 81
-3.6367300856561458 -7.8743032964810835 61
1.9906128784459143 8.312373342823804 27
5.38967308150505 -5.962393187541001 35
-1.0380430815387172 5.6435817255648955 12
4.593196011946801 7.890883842404384 98
-5.339984433571064 4.58816387051067 79
-3.123112532394485 -7.721571507062694 90
9.516301074540936 5.295317443981476 25
-4.920409437796884 3.168884767719676 92
2.0955321074940483 -6.709305315513054 15
0.29648959078598996 -5.469442269060147 86
6.637990956944141 -2.767678021165541 31
4.555199464421261 1.8216849614721455 1
2.0504022781423927 8.418994486818036 27
6.202949376101728 7.997741514500128 60
5.383616516884709 -6.06445652531015 35
-5.900681908147847 0.10881481962992112 13
-7.078331046557883 5.895383577777098 33
-4.806022624942729 3.306695944515223 92
4.52320549494436 7.841986453473395 98
-2.6507999245756513 9.558334976807645 69
-3.6112517653558664 -6.358749014544443 83
-2.561282030959333 9.389932028760587 69
-4.095839929665212 -6.714660442829194 55
9.649028535616159 5.50857831062374 25
0.2392205902897273 -5.44206838015928 86
2.6655724343339555 7.510988433674385 57
2.0173097020185407 8.406530056530936 27
0.3041302028070419 3.87372551619625 68
6.074476799966629 -6.399782445514299 58
7.809014608899028 5.656692330526615 99
-7.744529226619647 -3.4237774531255183 66
7.994416515698508 2.617010218980218 96
8.149365698629191 -4.958906421580786 52
1.896211839430671 4.253237750626386 4
-7.154810473917821 6.132902694643139 33
4.590651708948912 8.014023771622336 98
8.199166103679245 -5.238302327674455 75
-4.259534132034881 -9.171867568800726 72
-8.850487246514264 9.11439817181112 16
-3.5939332862688107 -7.866733046421675 61
-3.8448259237563116 0.44850725926981583 23
-9.372670416225633 -7.9649322416476105 49
-3.690834243683983 -3.4328163792968622 42
-3.70234282785887 0.038011273802235845 51
-1.4436493468369362 -4.20755578020446 9
-3.811129117827297 0.14895050829435383 51
-2.3226201719382744 9.061669420289501 0
2.1486509199773827 0.16842503549690568 73
-4.851387861528999 3.1525693155014096 22
-3.198163807030098 -7.617152565501512 90
-2.3213940950935537 -4.309781158038343 30
-0.12848903983209503 -4.063459047366045 71
6.2265166212166605 -6.146722637109552 58
-7.557393465185468 0.071181933452932 20
7.85212293486966 -0.5595523437110844 44
7.595787856309361 0.8802768294369414 59
2.69481436161566 7.4613815843739575 57
-8.928906777342982 -3.3919563782328996 29
5.369886981049595 -8.330991258374134 38
-7.610670488333111 4.382168646385836 45
-4.216093547859509 -6.86596501906639 55
1.802336658869312 8.498085695596899 27
-0.7606563035871519 5.656601662649803 12
2.7599827785072466 7.400184349335491 57
2.283209573055457 -0.013233943976669202 73
4.702445571004602 1.8874539282991036 1
2.1465544900320617 0.1816821007507415 73
-4.843819571621794 3.111493455560808 92
-3.8805155666762476 -3.5244435887536545 42
9.064344435914025 -3.4151047365255813 67
8.66476391452032 6.258077822967797 56
0.6645169225714358 -6.30834037614124 24
-7.654885201365155 4.299546132632971 45
-10.027489580329405 6.23613556510249 36
2.4830769682533202 0.7269962894099117 81
7.894873786774191 0.9059094657916481 59
-2.6066657900754824 9.092994588572568 0
3.638648988634046 -2.319560453962654 88
8.182163816960037 -5.077002433099756 75
-5.152218360954649 4.735388309495384 79
0.8329951493395762 -6.468396556676035 24
0.35316402498233923 3.964435254231208 68
0.44824275298058236 -1.4163033917986598 48
2.0978469232677135 -6.647099350318638 15
-4.278523935983616 -6.651964937398868 55
8.483616386234074 5.947118531993091 56
-2.737423360062116 9.415274279401517 69
4.5959239145781 2.763152559776089 43
-9.248951391085004 8.413477327356082 21
2.235156273657321 -7.310375723422943 10
8.613157958500464 6.131495944868089 56
0.3385917572602171 4.169254039873975 68
2.198845658892285 4.201949727017005 4
-3.799580240698214 -6.3415451239271565 83
-9.330246338212232 -7.796818029982513 49
-3.4266578462684945 -8.91778706737408 41
0.1856443633277898 -5.491006683415693 86
6.6336743065048775 -5.694386065786019 6
5.427200663183743 -6.105516093770397 35
-7.493238511196756 4.090924366582089 45
-2.6760479417571488 9.382371570453023 69
5.223383161443975 1.097244728971068 46
8.667766050394588 7.967846851570214 26
-7.223534182214332 6.015761154194744 33
-2.324041531508093 -4.467655184861298 30
-9.269159243064351 2.9721834659095356 50
-2.8063053577374273 -7.739026672571079 39
-6.843848455116442 -6.824031140639123 2
-6.771322066833743 -6.774729388072457 2
7.784177163787059 -0.49098190279073955 44
-9.892870354815331 6.488684355448461 36
3.7217751175802682 -1.2573486438795551 19
-9.51603312864716 -7.745762743305075 49
-3.916379818093937 0.4054031954961741 8
2.6674680390544805 7.51306088119952 57
8.01106895134189 -4.839197742703806 52
-3.7548389987512913 0.47393708594608547 23
1.829956640972074 8.612964118660772 27
-1.8480907177881896 4.974042472903066 53
-5.51757234945193 4.632114504190282 79
2.011152931797979 -9.209001891421535 14
-7.036817712069373 6.063595092731952 33
4.5600888359418486 2.7935660217444545 43
-3.273815579237405 -3.0320877983540115 97
6.146072649330256 7.8284992025625435 60
-8.086603885051975 6.708181076651954 82
-9.794669262509444 0.332293437299848 64
6.405884095658021 7.431111899616975 63
-2.9328087108276186 -7.611783164767471 39
2.2693297504813987 -7.2928458813143955 10
6.091152063208577 7.662721769255373 60
-3.6210487178732347 0.014363762931738577 51
-9.358165667649656 8.101423604629163 21