-8.957458106356276 7.389178276362086 3
2.8011420959333275 0.717594065658446 81
3.497420686234576 5.212173041330962 78
-3.9828678243525166 -3.477688127988116 42
-3.1676450940144836 -8.665441092047725 41
-9.936750844106895 6.418123628793419 36
-7.230051855287657 6.052127029019427 33
-9.159200666564052 2.831454751330723 50
6.745190428932868 -5.711939693740827 6
0.5107895275634862 -5.138585460841775 94
-9.6177058605516 -7.7503852654284335 49
-9.038365170719922 -3.379836820716653 29
-9.05332447609242 -4.483088819287468 74
5.371849067975125 -0.18942099596955633 47
4.669186083557969 1.9017345421380951 1
-8.178645190331006 -5.695069602551623 28
6.029437089312593 -6.255524764550675 58
1.9248320678414435 4.240160016295154 4
6.367275526948863 7.176080305440691 63
-3.551982065316439 -6.282644097439683 83
-5.269017240474729 4.674204657435911 79
7.995307298706168 0.6432586231950701 59
-2.561795710716133 2.727467575471653 80
-7.55761635333592 4.3514712638769115 45
-4.923717165376139 3.1675423365182804 92
-1.493178255409885 -5.68162534046808 65
0.40391162164082567 3.9981092259214965 68
-9.84960565485106 0.28115911900342017 64
-3.9396939524095327 0.4197550162090083 8
-8.721314418826994 9.049110794475876 16
8.2400470798454 -5.147725160117205 75
-9.294911485110514 8.224939779548526 21
8.652211894488074 7.802764504561463 26
-8.277521269737234 9.551012212751171 34
0.14125942783564982 -5.591503357320014 86
-2.903722092286261 -7.660972950539208 39
9.4999976796087 5.608036672425781 25
8.843015568746827 -3.4771096389364375 67
-8.126009301782338 6.675023236125414 82
3.881166743754535 -2.2024585230628237 88
2.0095031029425683 8.488863295553555 27
-3.7599576063671805 0.28706339377315393 23
9.190009423147801 -4.879393873790614 70
9.840775571790857 -5.218051708653574 77
-6.2812946398585385 -6.142230504665929 7
-3.8648173750688675 0.12299041600743116 51
-4.213230124907323 -9.231531100821684 72
-1.4500510701202376 -4.256998224535705 9
-4.129437949362635 -2.5900448092225634 11
2.2293477235061796 -7.176007589477498 10
-4.912786111619775 3.265818197674193 22
2.0438077882226553 -6.541270284729851 15
-9.17479757240545 1.8773745663085282 84
-5.516729737325359 -8.466354339030321 54
-1.7479595964727834 5.188486176203907 53
8.278020593440521 -5.084922363584378 52
3.469465168522302 -9.45900469387433 85
-2.131054029861039 -4.507880239391502 30
1.9108581120173505 -9.156707501241673 14
-6.0329900401566015 0.5567056849311944 13
0.6312020116679913 -1.4086814617329122 48
7.266625701502252 2.4008025017905767 40
-2.748220177449848 9.386341560953332 69
9.359964423948542 6.160664071063534 17
8.568696231712144 6.037629273091854 56
-3.3642126131757184 -3.1565548851844376 97
7.961257312704776 2.685234139201123 96
5.513521404970599 -6.186957956435517 35
-7.537825928691403 -0.2210356756457951 20
5.095671331632372 1.1920938278058302 46
3.0192668955390043 -6.433505150503877 87
4.447269155279544 7.920860483880358 98
6.543223258574554 -2.789036544078887 31
6.38573714945188 1.0476437767088496 93
4.5259449202844415 2.8363927605838852 43
7.7728192418621465 5.745046538847432 99
-9.47245055618321 9.316128811404715 5
4.143574878861889 4.4723688830268165 37
-4.458592327706142 0.8302398024909688 32
-4.529097675731546 -6.87801301905334 55
0.9699843229004212 -6.246832436852635 24
-5.421390779603819 -1.5178659151907536 62
-3.738081365667518 -7.752751162020138 61
-7.104192717571953 -0.19921205611786105 76
-6.693049740036795 -6.832726301184768 2
-2.5772000952105993 9.037511497914421 0
-8.113447986771144 7.893620841529421 95
6.265119478496746 7.922849304571822 60
-0.019328333555785365 -4.0517247631906725 71
3.640009035036435 -1.1113102457756259 19
2.8313162606016333 7.2861976659582925 57
8.591384338913032 7.5320813294694045 91
-0.8773001264714898 5.848872635576004 12
7.66500277768326 -0.5671751409077036 44
-7.389389315860717 -3.4429053518796913 66
5.353876562792918 -8.451147190424726 38
-3.992403988339427 -8.198042442340908 18
8.733375097449999 -7.339306554228719 89
2.272572891481833 0.11654334876959142 73
-3.171092523175457 -7.79824574633943 90