-6.9902606885518725 -6.999730255684014 2
-9.694540485456562 9.445556286303404 5
4.672287233167581 1.9346614558991004 1
6.701046972570126 -5.723519319111158 6
-8.828620001701207 7.420387414551992 3
-6.45245209882054 -6.413490831427867 7
-6.8434635886465065 -6.944621568736459 2
1.8304231133342714 4.158800168375987 4
4.660765195728577 1.7772026715527545 1
-2.600000030604871 8.873055758064792 0
-3.893745766396225 0.3705547547735585 8
-8.829623049812193 7.293622180452116 3
-6.460968822880719 -6.2532013425570785 7
-8.860294945419762 7.359234172649878 3
-2.4269431318424313 8.89220176320122 0
-8.746787544865803 7.356398026464672 3
2.2109188249852285 4.178909337204093 4
1.9880287832114987 4.081223828998747 4
-2.5024448025839576 8.871811309576977 0
-2.569261492044631 8.985116753218994 0
-6.963548943473534 -6.911030830861068 2
-6.335831575924986 -6.249191478027721 7
-8.91917711692533 7.2733472111402495 3
-9.578344977575187 9.347849477828266 5
-1.265699450808365 -4.110278070908581 9
4.742978788477696 2.066297695852352 1
-3.9375014193418307 0.5665286820539664 8
6.488104492552313 -5.734754400581246 6
-3.9138549516214547 0.640482040360489 8
2.0519122625706334 4.1875570831388975 4
6.570527486774812 -5.785423938055044 6
4.628314007989277 1.9430593143818031 1
-3.852588406032745 0.409412877003129 8
2.006171663697575 4.201856641602363 4
1.8807631606591342 4.119387023644373 4
-3.8978370482241274 0.5336603706176409 8
6.580850343850587 -5.7299924167183764 6
-2.3626327461605947 8.991708498149668 0
-6.883209795062265 -6.723645227694546 2
-3.959806636015948 0.5807685120771044 8
-6.267163042933555 -6.290631710237673 7
-8.908533066023745 7.2907567008389265 3
-6.247641097957247 -6.413978034766495 7
2.0030641383860632 4.1916062901542706 4
-3.9416208241330413 0.7671455493037191 8
-1.3926265516217198 -4.099520273989834 9
-1.3095948585270805 -3.790144046973689 9
-8.690538352161859 7.271695893671338 3
-6.482631005578252 -6.2662544420679405 7
-1.325320891122857 -4.119338743402338 9
-2.6104807350861927 9.045710861457849 0
4.507060231338258 1.9928558075276444 1
-2.5105473455265437 8.908515035302731 0
-6.927544614935799 -6.8986754909423285 2
-6.388039467458275 -6.407283419367072 7
-6.2812946398585385 -6.142230504665929 7
-8.891303777012714 7.374849658810039 3
-6.886828203309303 -6.779756303486744 2
-6.176923204743512 -6.284526510840145 7
-1.2527945028401575 -4.070036990835671 9
-6.843487630600428 -6.72630593662935 2
6.674841095433278 -5.6750354992567456 6
-9.68736374659702 9.341567270279608 5
4.674240665184947 1.7968656684044586 1
4.572186636197506 2.0343373128248188 1
-7.141601701560244 -6.797919342838425 2
4.713725494227642 1.990306512059729 1
4.593814959132122 2.0788819065626236 1
-4.022244390615357 0.5433758741690757 8
-8.877538571949225 7.177171420685491 3
-9.529624404703924 9.617242605820884 5
2.048055273936452 4.154006964344292 4
-2.6242969807949805 9.05185593003289 0
6.673902101043024 -5.718572965484779 6
-2.5636358955052683 9.025378387169308 0
-6.371210826799398 -6.297794605449659 7
-9.509206919379647 9.307258297760413 5
-2.56936828427569 9.199513946649216 0
-9.680252537507332 9.55319048374164 5
-9.44803068299034 9.258011936960658 5
4.492026637191358 1.9011852631012611 1
6.678160063338304 -5.824652928237113 6
2.0228115805284217 4.137992842583394 4
-9.47402783263245 9.473390346508564 5
2.0283232558582784 4.407775767169437 4
-1.3095961004368193 -4.124038600947941 9
-1.4494853707777984 -4.160044685444609 9
-6.846500848010914 -6.782555080563711 2
6.7302045377454025 -5.876304218077872 6
-1.4988665639533942 -4.269199700030674 9
-9.743376457190564 9.405053340720489 5
-6.798374608911851 -6.744485590418864 2
-9.591781291054476 9.281329239477932 5
-3.867831378351891 0.48784574137907 8
6.671598809468849 -5.622503511006234 6
-3.999834512616086 0.3436439101761708 8
-8.829151678982461 7.124766024038614 3
6.5251577449206275 -5.885263447742904 6
-1.3040105760883685 -4.0618606320211015 9
-1.3552787553130852 -4.289714225822223 9